1024
1024
60
1
0 0 0
0 1 1
0 2 2
0 3 3
0 4 4
0 5 5
0 6 6
0 7 7
0 8 8
0 9 9
0 10 10
0 11 11
0 12 12
0 13 13
0 14 14
0 15 15
0 16 16
0 17 17
0 18 18
0 19 19
0 20 20
0 21 21
0 22 22
0 23 23
0 24 24
0 25 25
0 26 26
0 27 27
0 28 28
0 29 29
0 30 30
0 31 31
0 32 32
0 33 33
0 34 34
0 35 35
0 36 36
0 37 37
0 38 38
0 39 39
0 40 40
0 41 41
0 42 42
0 43 43
0 44 44
0 45 45
0 46 46
0 47 47
0 48 48
0 49 49
0 50 50
0 51 51
0 52 52
0 53 53
0 54 54
0 55 55
0 56 56
0 57 57
0 58 58
0 59 59
1 0 1
1 1 2
1 2 0
1 3 5
1 4 3
1 5 4
1 6 7
1 7 8
1 8 6
1 9 11
1 10 9
1 11 10
1 12 14
1 13 12
1 14 13
1 15 16
1 16 17
1 17 15
1 18 20
1 19 18
1 20 19
1 21 22
1 22 23
1 23 21
1 24 25
1 25 26
1 26 24
1 27 29
1 28 27
1 29 28
1 30 31
1 31 32
1 32 30
1 33 35
1 34 33
1 35 34
1 36 38
1 37 36
1 38 37
1 39 40
1 40 41
1 41 39
1 42 44
1 43 42
1 44 43
1 45 46
1 46 47
1 47 45
1 48 49
1 49 50
1 50 48
1 51 53
1 52 51
1 53 52
1 54 55
1 55 56
1 56 54
1 57 59
1 58 57
1 59 58
2 0 2
2 1 0
2 2 1
2 3 4
2 4 5
2 5 3
2 6 8
2 7 6
2 8 7
2 9 10
2 10 11
2 11 9
2 12 13
2 13 14
2 14 12
2 15 17
2 16 15
2 17 16
2 18 19
2 19 20
2 20 18
2 21 23
2 22 21
2 23 22
2 24 26
2 25 24
2 26 25
2 27 28
2 28 29
2 29 27
2 30 32
2 31 30
2 32 31
2 33 34
2 34 35
2 35 33
2 36 37
2 37 38
2 38 36
2 39 41
2 40 39
2 41 40
2 42 43
2 43 44
2 44 42
2 45 47
2 46 45
2 47 46
2 48 50
2 49 48
2 50 49
2 51 52
2 52 53
2 53 51
2 54 56
2 55 54
2 56 55
2 57 58
2 58 59
2 59 57
3 0 3
3 1 6
3 2 9
3 3 0
3 4 7
3 5 10
3 6 1
3 7 4
3 8 11
3 9 2
3 10 5
3 11 8
3 12 15
3 13 18
3 14 21
3 15 12
3 16 19
3 17 22
3 18 13
3 19 16
3 20 23
3 21 14
3 22 17
3 23 20
3 24 27
3 25 30
3 26 33
3 27 24
3 28 31
3 29 34
3 30 25
3 31 28
3 32 35
3 33 26
3 34 29
3 35 32
3 36 39
3 37 42
3 38 45
3 39 36
3 40 43
3 41 46
3 42 37
3 43 40
3 44 47
3 45 38
3 46 41
3 47 44
3 48 51
3 49 54
3 50 57
3 51 48
3 52 55
3 53 58
3 54 49
3 55 52
3 56 59
3 57 50
3 58 53
3 59 56
4 0 4
4 1 8
4 2 10
4 3 2
4 4 6
4 5 11
4 6 0
4 7 5
4 8 9
4 9 1
4 10 3
4 11 7
4 12 17
4 13 19
4 14 23
4 15 13
4 16 20
4 17 21
4 18 14
4 19 15
4 20 22
4 21 12
4 22 16
4 23 18
4 24 28
4 25 32
4 26 34
4 27 26
4 28 30
4 29 35
4 30 24
4 31 29
4 32 33
4 33 25
4 34 27
4 35 31
4 36 41
4 37 43
4 38 47
4 39 37
4 40 44
4 41 45
4 42 38
4 43 39
4 44 46
4 45 36
4 46 40
4 47 42
4 48 52
4 49 56
4 50 58
4 51 50
4 52 54
4 53 59
4 54 48
4 55 53
4 56 57
4 57 49
4 58 51
4 59 55
5 0 5
5 1 7
5 2 11
5 3 1
5 4 8
5 5 9
5 6 2
5 7 3
5 8 10
5 9 0
5 10 4
5 11 6
5 12 16
5 13 20
5 14 22
5 15 14
5 16 18
5 17 23
5 18 12
5 19 17
5 20 21
5 21 13
5 22 15
5 23 19
5 24 29
5 25 31
5 26 35
5 27 25
5 28 32
5 29 33
5 30 26
5 31 27
5 32 34
5 33 24
5 34 28
5 35 30
5 36 40
5 37 44
5 38 46
5 39 38
5 40 42
5 41 47
5 42 36
5 43 41
5 44 45
5 45 37
5 46 39
5 47 43
5 48 53
5 49 55
5 50 59
5 51 49
5 52 56
5 53 57
5 54 50
5 55 51
5 56 58
5 57 48
5 58 52
5 59 54
6 0 6
6 1 9
6 2 3
6 3 10
6 4 0
6 5 7
6 6 4
6 7 11
6 8 1
6 9 8
6 10 2
6 11 5
6 12 21
6 13 15
6 14 18
6 15 19
6 16 22
6 17 12
6 18 23
6 19 13
6 20 16
6 21 17
6 22 20
6 23 14
6 24 30
6 25 33
6 26 27
6 27 34
6 28 24
6 29 31
6 30 28
6 31 35
6 32 25
6 33 32
6 34 26
6 35 29
6 36 45
6 37 39
6 38 42
6 39 43
6 40 46
6 41 36
6 42 47
6 43 37
6 44 40
6 45 41
6 46 44
6 47 38
6 48 54
6 49 57
6 50 51
6 51 58
6 52 48
6 53 55
6 54 52
6 55 59
6 56 49
6 57 56
6 58 50
6 59 53
7 0 7
7 1 11
7 2 5
7 3 9
7 4 1
7 5 8
7 6 3
7 7 10
7 8 2
7 9 6
7 10 0
7 11 4
7 12 22
7 13 16
7 14 20
7 15 18
7 16 23
7 17 14
7 18 21
7 19 12
7 20 17
7 21 15
7 22 19
7 23 13
7 24 31
7 25 35
7 26 29
7 27 33
7 28 25
7 29 32
7 30 27
7 31 34
7 32 26
7 33 30
7 34 24
7 35 28
7 36 46
7 37 40
7 38 44
7 39 42
7 40 47
7 41 38
7 42 45
7 43 36
7 44 41
7 45 39
7 46 43
7 47 37
7 48 55
7 49 59
7 50 53
7 51 57
7 52 49
7 53 56
7 54 51
7 55 58
7 56 50
7 57 54
7 58 48
7 59 52
8 0 8
8 1 10
8 2 4
8 3 11
8 4 2
8 5 6
8 6 5
8 7 9
8 8 0
8 9 7
8 10 1
8 11 3
8 12 23
8 13 17
8 14 19
8 15 20
8 16 21
8 17 13
8 18 22
8 19 14
8 20 15
8 21 16
8 22 18
8 23 12
8 24 32
8 25 34
8 26 28
8 27 35
8 28 26
8 29 30
8 30 29
8 31 33
8 32 24
8 33 31
8 34 25
8 35 27
8 36 47
8 37 41
8 38 43
8 39 44
8 40 45
8 41 37
8 42 46
8 43 38
8 44 39
8 45 40
8 46 42
8 47 36
8 48 56
8 49 58
8 50 52
8 51 59
8 52 50
8 53 54
8 54 53
8 55 57
8 56 48
8 57 55
8 58 49
8 59 51
9 0 9
9 1 3
9 2 6
9 3 7
9 4 10
9 5 0
9 6 11
9 7 1
9 8 4
9 9 5
9 10 8
9 11 2
9 12 18
9 13 21
9 14 15
9 15 22
9 16 12
9 17 19
9 18 16
9 19 23
9 20 13
9 21 20
9 22 14
9 23 17
9 24 33
9 25 27
9 26 30
9 27 31
9 28 34
9 29 24
9 30 35
9 31 25
9 32 28
9 33 29
9 34 32
9 35 26
9 36 42
9 37 45
9 38 39
9 39 46
9 40 36
9 41 43
9 42 40
9 43 47
9 44 37
9 45 44
9 46 38
9 47 41
9 48 57
9 49 51
9 50 54
9 51 55
9 52 58
9 53 48
9 54 59
9 55 49
9 56 52
9 57 53
9 58 56
9 59 50
10 0 10
10 1 4
10 2 8
10 3 6
10 4 11
10 5 2
10 6 9
10 7 0
10 8 5
10 9 3
10 10 7
10 11 1
10 12 19
10 13 23
10 14 17
10 15 21
10 16 13
10 17 20
10 18 15
10 19 22
10 20 14
10 21 18
10 22 12
10 23 16
10 24 34
10 25 28
10 26 32
10 27 30
10 28 35
10 29 26
10 30 33
10 31 24
10 32 29
10 33 27
10 34 31
10 35 25
10 36 43
10 37 47
10 38 41
10 39 45
10 40 37
10 41 44
10 42 39
10 43 46
10 44 38
10 45 42
10 46 36
10 47 40
10 48 58
10 49 52
10 50 56
10 51 54
10 52 59
10 53 50
10 54 57
10 55 48
10 56 53
10 57 51
10 58 55
10 59 49
11 0 11
11 1 5
11 2 7
11 3 8
11 4 9
11 5 1
11 6 10
11 7 2
11 8 3
11 9 4
11 10 6
11 11 0
11 12 20
11 13 22
11 14 16
11 15 23
11 16 14
11 17 18
11 18 17
11 19 21
11 20 12
11 21 19
11 22 13
11 23 15
11 24 35
11 25 29
11 26 31
11 27 32
11 28 33
11 29 25
11 30 34
11 31 26
11 32 27
11 33 28
11 34 30
11 35 24
11 36 44
11 37 46
11 38 40
11 39 47
11 40 38
11 41 42
11 42 41
11 43 45
11 44 36
11 45 43
11 46 37
11 47 39
11 48 59
11 49 53
11 50 55
11 51 56
11 52 57
11 53 49
11 54 58
11 55 50
11 56 51
11 57 52
11 58 54
11 59 48
12 0 12
12 1 13
12 2 14
12 3 24
12 4 25
12 5 26
12 6 36
12 7 37
12 8 38
12 9 48
12 10 49
12 11 50
12 12 0
12 13 1
12 14 2
12 15 27
12 16 28
12 17 29
12 18 39
12 19 40
12 20 41
12 21 51
12 22 52
12 23 53
12 24 3
12 25 4
12 26 5
12 27 15
12 28 16
12 29 17
12 30 42
12 31 43
12 32 44
12 33 54
12 34 55
12 35 56
12 36 6
12 37 7
12 38 8
12 39 18
12 40 19
12 41 20
12 42 30
12 43 31
12 44 32
12 45 57
12 46 58
12 47 59
12 48 9
12 49 10
12 50 11
12 51 21
12 52 22
12 53 23
12 54 33
12 55 34
12 56 35
12 57 45
12 58 46
12 59 47
13 0 13
13 1 14
13 2 12
13 3 26
13 4 24
13 5 25
13 6 37
13 7 38
13 8 36
13 9 50
13 10 48
13 11 49
13 12 2
13 13 0
13 14 1
13 15 28
13 16 29
13 17 27
13 18 41
13 19 39
13 20 40
13 21 52
13 22 53
13 23 51
13 24 4
13 25 5
13 26 3
13 27 17
13 28 15
13 29 16
13 30 43
13 31 44
13 32 42
13 33 56
13 34 54
13 35 55
13 36 8
13 37 6
13 38 7
13 39 19
13 40 20
13 41 18
13 42 32
13 43 30
13 44 31
13 45 58
13 46 59
13 47 57
13 48 10
13 49 11
13 50 9
13 51 23
13 52 21
13 53 22
13 54 34
13 55 35
13 56 33
13 57 47
13 58 45
13 59 46
14 0 14
14 1 12
14 2 13
14 3 25
14 4 26
14 5 24
14 6 38
14 7 36
14 8 37
14 9 49
14 10 50
14 11 48
14 12 1
14 13 2
14 14 0
14 15 29
14 16 27
14 17 28
14 18 40
14 19 41
14 20 39
14 21 53
14 22 51
14 23 52
14 24 5
14 25 3
14 26 4
14 27 16
14 28 17
14 29 15
14 30 44
14 31 42
14 32 43
14 33 55
14 34 56
14 35 54
14 36 7
14 37 8
14 38 6
14 39 20
14 40 18
14 41 19
14 42 31
14 43 32
14 44 30
14 45 59
14 46 57
14 47 58
14 48 11
14 49 9
14 50 10
14 51 22
14 52 23
14 53 21
14 54 35
14 55 33
14 56 34
14 57 46
14 58 47
14 59 45
15 0 15
15 1 18
15 2 21
15 3 27
15 4 30
15 5 33
15 6 39
15 7 42
15 8 45
15 9 51
15 10 54
15 11 57
15 12 3
15 13 6
15 14 9
15 15 24
15 16 31
15 17 34
15 18 36
15 19 43
15 20 46
15 21 48
15 22 55
15 23 58
15 24 0
15 25 7
15 26 10
15 27 12
15 28 19
15 29 22
15 30 37
15 31 40
15 32 47
15 33 49
15 34 52
15 35 59
15 36 1
15 37 4
15 38 11
15 39 13
15 40 16
15 41 23
15 42 25
15 43 28
15 44 35
15 45 50
15 46 53
15 47 56
15 48 2
15 49 5
15 50 8
15 51 14
15 52 17
15 53 20
15 54 26
15 55 29
15 56 32
15 57 38
15 58 41
15 59 44
16 0 16
16 1 20
16 2 22
16 3 29
16 4 31
16 5 35
16 6 40
16 7 44
16 8 46
16 9 53
16 10 55
16 11 59
16 12 5
16 13 7
16 14 11
16 15 25
16 16 32
16 17 33
16 18 38
16 19 42
16 20 47
16 21 49
16 22 56
16 23 57
16 24 1
16 25 8
16 26 9
16 27 14
16 28 18
16 29 23
16 30 36
16 31 41
16 32 45
16 33 50
16 34 51
16 35 58
16 36 2
16 37 3
16 38 10
16 39 12
16 40 17
16 41 21
16 42 26
16 43 27
16 44 34
16 45 48
16 46 52
16 47 54
16 48 0
16 49 4
16 50 6
16 51 13
16 52 15
16 53 19
16 54 24
16 55 28
16 56 30
16 57 37
16 58 39
16 59 43
17 0 17
17 1 19
17 2 23
17 3 28
17 4 32
17 5 34
17 6 41
17 7 43
17 8 47
17 9 52
17 10 56
17 11 58
17 12 4
17 13 8
17 14 10
17 15 26
17 16 30
17 17 35
17 18 37
17 19 44
17 20 45
17 21 50
17 22 54
17 23 59
17 24 2
17 25 6
17 26 11
17 27 13
17 28 20
17 29 21
17 30 38
17 31 39
17 32 46
17 33 48
17 34 53
17 35 57
17 36 0
17 37 5
17 38 9
17 39 14
17 40 15
17 41 22
17 42 24
17 43 29
17 44 33
17 45 49
17 46 51
17 47 55
17 48 1
17 49 3
17 50 7
17 51 12
17 52 16
17 53 18
17 54 25
17 55 27
17 56 31
17 57 36
17 58 40
17 59 42
18 0 18
18 1 21
18 2 15
18 3 33
18 4 27
18 5 30
18 6 42
18 7 45
18 8 39
18 9 57
18 10 51
18 11 54
18 12 9
18 13 3
18 14 6
18 15 31
18 16 34
18 17 24
18 18 46
18 19 36
18 20 43
18 21 55
18 22 58
18 23 48
18 24 7
18 25 10
18 26 0
18 27 22
18 28 12
18 29 19
18 30 40
18 31 47
18 32 37
18 33 59
18 34 49
18 35 52
18 36 11
18 37 1
18 38 4
18 39 16
18 40 23
18 41 13
18 42 35
18 43 25
18 44 28
18 45 53
18 46 56
18 47 50
18 48 5
18 49 8
18 50 2
18 51 20
18 52 14
18 53 17
18 54 29
18 55 32
18 56 26
18 57 44
18 58 38
18 59 41
19 0 19
19 1 23
19 2 17
19 3 34
19 4 28
19 5 32
19 6 43
19 7 47
19 8 41
19 9 58
19 10 52
19 11 56
19 12 10
19 13 4
19 14 8
19 15 30
19 16 35
19 17 26
19 18 45
19 19 37
19 20 44
19 21 54
19 22 59
19 23 50
19 24 6
19 25 11
19 26 2
19 27 21
19 28 13
19 29 20
19 30 39
19 31 46
19 32 38
19 33 57
19 34 48
19 35 53
19 36 9
19 37 0
19 38 5
19 39 15
19 40 22
19 41 14
19 42 33
19 43 24
19 44 29
19 45 51
19 46 55
19 47 49
19 48 3
19 49 7
19 50 1
19 51 18
19 52 12
19 53 16
19 54 27
19 55 31
19 56 25
19 57 42
19 58 36
19 59 40
20 0 20
20 1 22
20 2 16
20 3 35
20 4 29
20 5 31
20 6 44
20 7 46
20 8 40
20 9 59
20 10 53
20 11 55
20 12 11
20 13 5
20 14 7
20 15 32
20 16 33
20 17 25
20 18 47
20 19 38
20 20 42
20 21 56
20 22 57
20 23 49
20 24 8
20 25 9
20 26 1
20 27 23
20 28 14
20 29 18
20 30 41
20 31 45
20 32 36
20 33 58
20 34 50
20 35 51
20 36 10
20 37 2
20 38 3
20 39 17
20 40 21
20 41 12
20 42 34
20 43 26
20 44 27
20 45 52
20 46 54
20 47 48
20 48 4
20 49 6
20 50 0
20 51 19
20 52 13
20 53 15
20 54 28
20 55 30
20 56 24
20 57 43
20 58 37
20 59 39
21 0 21
21 1 15
21 2 18
21 3 30
21 4 33
21 5 27
21 6 45
21 7 39
21 8 42
21 9 54
21 10 57
21 11 51
21 12 6
21 13 9
21 14 3
21 15 34
21 16 24
21 17 31
21 18 43
21 19 46
21 20 36
21 21 58
21 22 48
21 23 55
21 24 10
21 25 0
21 26 7
21 27 19
21 28 22
21 29 12
21 30 47
21 31 37
21 32 40
21 33 52
21 34 59
21 35 49
21 36 4
21 37 11
21 38 1
21 39 23
21 40 13
21 41 16
21 42 28
21 43 35
21 44 25
21 45 56
21 46 50
21 47 53
21 48 8
21 49 2
21 50 5
21 51 17
21 52 20
21 53 14
21 54 32
21 55 26
21 56 29
21 57 41
21 58 44
21 59 38
22 0 22
22 1 16
22 2 20
22 3 31
22 4 35
22 5 29
22 6 46
22 7 40
22 8 44
22 9 55
22 10 59
22 11 53
22 12 7
22 13 11
22 14 5
22 15 33
22 16 25
22 17 32
22 18 42
22 19 47
22 20 38
22 21 57
22 22 49
22 23 56
22 24 9
22 25 1
22 26 8
22 27 18
22 28 23
22 29 14
22 30 45
22 31 36
22 32 41
22 33 51
22 34 58
22 35 50
22 36 3
22 37 10
22 38 2
22 39 21
22 40 12
22 41 17
22 42 27
22 43 34
22 44 26
22 45 54
22 46 48
22 47 52
22 48 6
22 49 0
22 50 4
22 51 15
22 52 19
22 53 13
22 54 30
22 55 24
22 56 28
22 57 39
22 58 43
22 59 37
23 0 23
23 1 17
23 2 19
23 3 32
23 4 34
23 5 28
23 6 47
23 7 41
23 8 43
23 9 56
23 10 58
23 11 52
23 12 8
23 13 10
23 14 4
23 15 35
23 16 26
23 17 30
23 18 44
23 19 45
23 20 37
23 21 59
23 22 50
23 23 54
23 24 11
23 25 2
23 26 6
23 27 20
23 28 21
23 29 13
23 30 46
23 31 38
23 32 39
23 33 53
23 34 57
23 35 48
23 36 5
23 37 9
23 38 0
23 39 22
23 40 14
23 41 15
23 42 29
23 43 33
23 44 24
23 45 55
23 46 49
23 47 51
23 48 7
23 49 1
23 50 3
23 51 16
23 52 18
23 53 12
23 54 31
23 55 25
23 56 27
23 57 40
23 58 42
23 59 36
24 0 24
24 1 36
24 2 48
24 3 12
24 4 37
24 5 49
24 6 13
24 7 25
24 8 50
24 9 14
24 10 26
24 11 38
24 12 27
24 13 39
24 14 51
24 15 0
24 16 40
24 17 52
24 18 1
24 19 28
24 20 53
24 21 2
24 22 29
24 23 41
24 24 15
24 25 42
24 26 54
24 27 3
24 28 43
24 29 55
24 30 4
24 31 16
24 32 56
24 33 5
24 34 17
24 35 44
24 36 18
24 37 30
24 38 57
24 39 6
24 40 31
24 41 58
24 42 7
24 43 19
24 44 59
24 45 8
24 46 20
24 47 32
24 48 21
24 49 33
24 50 45
24 51 9
24 52 34
24 53 46
24 54 10
24 55 22
24 56 47
24 57 11
24 58 23
24 59 35
25 0 25
25 1 38
25 2 49
25 3 14
25 4 36
25 5 50
25 6 12
25 7 26
25 8 48
25 9 13
25 10 24
25 11 37
25 12 29
25 13 40
25 14 53
25 15 1
25 16 41
25 17 51
25 18 2
25 19 27
25 20 52
25 21 0
25 22 28
25 23 39
25 24 16
25 25 44
25 26 55
25 27 5
25 28 42
25 29 56
25 30 3
25 31 17
25 32 54
25 33 4
25 34 15
25 35 43
25 36 20
25 37 31
25 38 59
25 39 7
25 40 32
25 41 57
25 42 8
25 43 18
25 44 58
25 45 6
25 46 19
25 47 30
25 48 22
25 49 35
25 50 46
25 51 11
25 52 33
25 53 47
25 54 9
25 55 23
25 56 45
25 57 10
25 58 21
25 59 34
26 0 26
26 1 37
26 2 50
26 3 13
26 4 38
26 5 48
26 6 14
26 7 24
26 8 49
26 9 12
26 10 25
26 11 36
26 12 28
26 13 41
26 14 52
26 15 2
26 16 39
26 17 53
26 18 0
26 19 29
26 20 51
26 21 1
26 22 27
26 23 40
26 24 17
26 25 43
26 26 56
26 27 4
26 28 44
26 29 54
26 30 5
26 31 15
26 32 55
26 33 3
26 34 16
26 35 42
26 36 19
26 37 32
26 38 58
26 39 8
26 40 30
26 41 59
26 42 6
26 43 20
26 44 57
26 45 7
26 46 18
26 47 31
26 48 23
26 49 34
26 50 47
26 51 10
26 52 35
26 53 45
26 54 11
26 55 21
26 56 46
26 57 9
26 58 22
26 59 33
27 0 27
27 1 39
27 2 51
27 3 15
27 4 42
27 5 54
27 6 18
27 7 30
27 8 57
27 9 21
27 10 33
27 11 45
27 12 24
27 13 36
27 14 48
27 15 3
27 16 43
27 17 55
27 18 6
27 19 31
27 20 58
27 21 9
27 22 34
27 23 46
27 24 12
27 25 37
27 26 49
27 27 0
27 28 40
27 29 52
27 30 7
27 31 19
27 32 59
27 33 10
27 34 22
27 35 47
27 36 13
27 37 25
27 38 50
27 39 1
27 40 28
27 41 53
27 42 4
27 43 16
27 44 56
27 45 11
27 46 23
27 47 35
27 48 14
27 49 26
27 50 38
27 51 2
27 52 29
27 53 41
27 54 5
27 55 17
27 56 44
27 57 8
27 58 20
27 59 32
28 0 28
28 1 41
28 2 52
28 3 17
28 4 43
28 5 56
28 6 19
28 7 32
28 8 58
28 9 23
28 10 34
28 11 47
28 12 26
28 13 37
28 14 50
28 15 4
28 16 44
28 17 54
28 18 8
28 19 30
28 20 59
28 21 10
28 22 35
28 23 45
28 24 13
28 25 38
28 26 48
28 27 2
28 28 39
28 29 53
28 30 6
28 31 20
28 32 57
28 33 11
28 34 21
28 35 46
28 36 14
28 37 24
28 38 49
28 39 0
28 40 29
28 41 51
28 42 5
28 43 15
28 44 55
28 45 9
28 46 22
28 47 33
28 48 12
28 49 25
28 50 36
28 51 1
28 52 27
28 53 40
28 54 3
28 55 16
28 56 42
28 57 7
28 58 18
28 59 31
29 0 29
29 1 40
29 2 53
29 3 16
29 4 44
29 5 55
29 6 20
29 7 31
29 8 59
29 9 22
29 10 35
29 11 46
29 12 25
29 13 38
29 14 49
29 15 5
29 16 42
29 17 56
29 18 7
29 19 32
29 20 57
29 21 11
29 22 33
29 23 47
29 24 14
29 25 36
29 26 50
29 27 1
29 28 41
29 29 51
29 30 8
29 31 18
29 32 58
29 33 9
29 34 23
29 35 45
29 36 12
29 37 26
29 38 48
29 39 2
29 40 27
29 41 52
29 42 3
29 43 17
29 44 54
29 45 10
29 46 21
29 47 34
29 48 13
29 49 24
29 50 37
29 51 0
29 52 28
29 53 39
29 54 4
29 55 15
29 56 43
29 57 6
29 58 19
29 59 30
30 0 30
30 1 45
30 2 54
30 3 21
30 4 39
30 5 57
30 6 15
30 7 33
30 8 51
30 9 18
30 10 27
30 11 42
30 12 34
30 13 43
30 14 58
30 15 6
30 16 46
30 17 48
30 18 9
30 19 24
30 20 55
30 21 3
30 22 31
30 23 36
30 24 19
30 25 47
30 26 52
30 27 10
30 28 37
30 29 59
30 30 0
30 31 22
30 32 49
30 33 7
30 34 12
30 35 40
30 36 23
30 37 28
30 38 56
30 39 4
30 40 35
30 41 50
30 42 11
30 43 13
30 44 53
30 45 1
30 46 16
30 47 25
30 48 17
30 49 32
30 50 41
30 51 8
30 52 26
30 53 44
30 54 2
30 55 20
30 56 38
30 57 5
30 58 14
30 59 29
31 0 31
31 1 46
31 2 55
31 3 22
31 4 40
31 5 59
31 6 16
31 7 35
31 8 53
31 9 20
31 10 29
31 11 44
31 12 33
31 13 42
31 14 57
31 15 7
31 16 47
31 17 49
31 18 11
31 19 25
31 20 56
31 21 5
31 22 32
31 23 38
31 24 18
31 25 45
31 26 51
31 27 9
31 28 36
31 29 58
31 30 1
31 31 23
31 32 50
31 33 8
31 34 14
31 35 41
31 36 21
31 37 27
31 38 54
31 39 3
31 40 34
31 41 48
31 42 10
31 43 12
31 44 52
31 45 2
31 46 17
31 47 26
31 48 15
31 49 30
31 50 39
31 51 6
31 52 24
31 53 43
31 54 0
31 55 19
31 56 37
31 57 4
31 58 13
31 59 28
32 0 32
32 1 47
32 2 56
32 3 23
32 4 41
32 5 58
32 6 17
32 7 34
32 8 52
32 9 19
32 10 28
32 11 43
32 12 35
32 13 44
32 14 59
32 15 8
32 16 45
32 17 50
32 18 10
32 19 26
32 20 54
32 21 4
32 22 30
32 23 37
32 24 20
32 25 46
32 26 53
32 27 11
32 28 38
32 29 57
32 30 2
32 31 21
32 32 48
32 33 6
32 34 13
32 35 39
32 36 22
32 37 29
32 38 55
32 39 5
32 40 33
32 41 49
32 42 9
32 43 14
32 44 51
32 45 0
32 46 15
32 47 24
32 48 16
32 49 31
32 50 40
32 51 7
32 52 25
32 53 42
32 54 1
32 55 18
32 56 36
32 57 3
32 58 12
32 59 27
33 0 33
33 1 42
33 2 57
33 3 18
33 4 45
33 5 51
33 6 21
33 7 27
33 8 54
33 9 15
33 10 30
33 11 39
33 12 31
33 13 46
33 14 55
33 15 9
33 16 36
33 17 58
33 18 3
33 19 34
33 20 48
33 21 6
33 22 24
33 23 43
33 24 22
33 25 40
33 26 59
33 27 7
33 28 47
33 29 49
33 30 10
33 31 12
33 32 52
33 33 0
33 34 19
33 35 37
33 36 16
33 37 35
33 38 53
33 39 11
33 40 25
33 41 56
33 42 1
33 43 23
33 44 50
33 45 4
33 46 13
33 47 28
33 48 20
33 49 29
33 50 44
33 51 5
33 52 32
33 53 38
33 54 8
33 55 14
33 56 41
33 57 2
33 58 17
33 59 26
34 0 34
34 1 43
34 2 58
34 3 19
34 4 47
34 5 52
34 6 23
34 7 28
34 8 56
34 9 17
34 10 32
34 11 41
34 12 30
34 13 45
34 14 54
34 15 10
34 16 37
34 17 59
34 18 4
34 19 35
34 20 50
34 21 8
34 22 26
34 23 44
34 24 21
34 25 39
34 26 57
34 27 6
34 28 46
34 29 48
34 30 11
34 31 13
34 32 53
34 33 2
34 34 20
34 35 38
34 36 15
34 37 33
34 38 51
34 39 9
34 40 24
34 41 55
34 42 0
34 43 22
34 44 49
34 45 5
34 46 14
34 47 29
34 48 18
34 49 27
34 50 42
34 51 3
34 52 31
34 53 36
34 54 7
34 55 12
34 56 40
34 57 1
34 58 16
34 59 25
35 0 35
35 1 44
35 2 59
35 3 20
35 4 46
35 5 53
35 6 22
35 7 29
35 8 55
35 9 16
35 10 31
35 11 40
35 12 32
35 13 47
35 14 56
35 15 11
35 16 38
35 17 57
35 18 5
35 19 33
35 20 49
35 21 7
35 22 25
35 23 42
35 24 23
35 25 41
35 26 58
35 27 8
35 28 45
35 29 50
35 30 9
35 31 14
35 32 51
35 33 1
35 34 18
35 35 36
35 36 17
35 37 34
35 38 52
35 39 10
35 40 26
35 41 54
35 42 2
35 43 21
35 44 48
35 45 3
35 46 12
35 47 27
35 48 19
35 49 28
35 50 43
35 51 4
35 52 30
35 53 37
35 54 6
35 55 13
35 56 39
35 57 0
35 58 15
35 59 24
36 0 36
36 1 48
36 2 24
36 3 49
36 4 12
36 5 37
36 6 25
36 7 50
36 8 13
36 9 38
36 10 14
36 11 26
36 12 51
36 13 27
36 14 39
36 15 40
36 16 52
36 17 0
36 18 53
36 19 1
36 20 28
36 21 29
36 22 41
36 23 2
36 24 42
36 25 54
36 26 15
36 27 55
36 28 3
36 29 43
36 30 16
36 31 56
36 32 4
36 33 44
36 34 5
36 35 17
36 36 57
36 37 18
36 38 30
36 39 31
36 40 58
36 41 6
36 42 59
36 43 7
36 44 19
36 45 20
36 46 32
36 47 8
36 48 33
36 49 45
36 50 21
36 51 46
36 52 9
36 53 34
36 54 22
36 55 47
36 56 10
36 57 35
36 58 11
36 59 23
37 0 37
37 1 50
37 2 26
37 3 48
37 4 13
37 5 38
37 6 24
37 7 49
37 8 14
37 9 36
37 10 12
37 11 25
37 12 52
37 13 28
37 14 41
37 15 39
37 16 53
37 17 2
37 18 51
37 19 0
37 20 29
37 21 27
37 22 40
37 23 1
37 24 43
37 25 56
37 26 17
37 27 54
37 28 4
37 29 44
37 30 15
37 31 55
37 32 5
37 33 42
37 34 3
37 35 16
37 36 58
37 37 19
37 38 32
37 39 30
37 40 59
37 41 8
37 42 57
37 43 6
37 44 20
37 45 18
37 46 31
37 47 7
37 48 34
37 49 47
37 50 23
37 51 45
37 52 10
37 53 35
37 54 21
37 55 46
37 56 11
37 57 33
37 58 9
37 59 22
38 0 38
38 1 49
38 2 25
38 3 50
38 4 14
38 5 36
38 6 26
38 7 48
38 8 12
38 9 37
38 10 13
38 11 24
38 12 53
38 13 29
38 14 40
38 15 41
38 16 51
38 17 1
38 18 52
38 19 2
38 20 27
38 21 28
38 22 39
38 23 0
38 24 44
38 25 55
38 26 16
38 27 56
38 28 5
38 29 42
38 30 17
38 31 54
38 32 3
38 33 43
38 34 4
38 35 15
38 36 59
38 37 20
38 38 31
38 39 32
38 40 57
38 41 7
38 42 58
38 43 8
38 44 18
38 45 19
38 46 30
38 47 6
38 48 35
38 49 46
38 50 22
38 51 47
38 52 11
38 53 33
38 54 23
38 55 45
38 56 9
38 57 34
38 58 10
38 59 21
39 0 39
39 1 51
39 2 27
39 3 54
39 4 15
39 5 42
39 6 30
39 7 57
39 8 18
39 9 45
39 10 21
39 11 33
39 12 48
39 13 24
39 14 36
39 15 43
39 16 55
39 17 3
39 18 58
39 19 6
39 20 31
39 21 34
39 22 46
39 23 9
39 24 37
39 25 49
39 26 12
39 27 52
39 28 0
39 29 40
39 30 19
39 31 59
39 32 7
39 33 47
39 34 10
39 35 22
39 36 50
39 37 13
39 38 25
39 39 28
39 40 53
39 41 1
39 42 56
39 43 4
39 44 16
39 45 23
39 46 35
39 47 11
39 48 26
39 49 38
39 50 14
39 51 41
39 52 2
39 53 29
39 54 17
39 55 44
39 56 5
39 57 32
39 58 8
39 59 20
40 0 40
40 1 53
40 2 29
40 3 55
40 4 16
40 5 44
40 6 31
40 7 59
40 8 20
40 9 46
40 10 22
40 11 35
40 12 49
40 13 25
40 14 38
40 15 42
40 16 56
40 17 5
40 18 57
40 19 7
40 20 32
40 21 33
40 22 47
40 23 11
40 24 36
40 25 50
40 26 14
40 27 51
40 28 1
40 29 41
40 30 18
40 31 58
40 32 8
40 33 45
40 34 9
40 35 23
40 36 48
40 37 12
40 38 26
40 39 27
40 40 52
40 41 2
40 42 54
40 43 3
40 44 17
40 45 21
40 46 34
40 47 10
40 48 24
40 49 37
40 50 13
40 51 39
40 52 0
40 53 28
40 54 15
40 55 43
40 56 4
40 57 30
40 58 6
40 59 19
41 0 41
41 1 52
41 2 28
41 3 56
41 4 17
41 5 43
41 6 32
41 7 58
41 8 19
41 9 47
41 10 23
41 11 34
41 12 50
41 13 26
41 14 37
41 15 44
41 16 54
41 17 4
41 18 59
41 19 8
41 20 30
41 21 35
41 22 45
41 23 10
41 24 38
41 25 48
41 26 13
41 27 53
41 28 2
41 29 39
41 30 20
41 31 57
41 32 6
41 33 46
41 34 11
41 35 21
41 36 49
41 37 14
41 38 24
41 39 29
41 40 51
41 41 0
41 42 55
41 43 5
41 44 15
41 45 22
41 46 33
41 47 9
41 48 25
41 49 36
41 50 12
41 51 40
41 52 1
41 53 27
41 54 16
41 55 42
41 56 3
41 57 31
41 58 7
41 59 18
42 0 42
42 1 57
42 2 33
42 3 51
42 4 18
42 5 45
42 6 27
42 7 54
42 8 21
42 9 39
42 10 15
42 11 30
42 12 55
42 13 31
42 14 46
42 15 36
42 16 58
42 17 9
42 18 48
42 19 3
42 20 34
42 21 24
42 22 43
42 23 6
42 24 40
42 25 59
42 26 22
42 27 49
42 28 7
42 29 47
42 30 12
42 31 52
42 32 10
42 33 37
42 34 0
42 35 19
42 36 53
42 37 16
42 38 35
42 39 25
42 40 56
42 41 11
42 42 50
42 43 1
42 44 23
42 45 13
42 46 28
42 47 4
42 48 29
42 49 44
42 50 20
42 51 38
42 52 5
42 53 32
42 54 14
42 55 41
42 56 8
42 57 26
42 58 2
42 59 17
43 0 43
43 1 58
43 2 34
43 3 52
43 4 19
43 5 47
43 6 28
43 7 56
43 8 23
43 9 41
43 10 17
43 11 32
43 12 54
43 13 30
43 14 45
43 15 37
43 16 59
43 17 10
43 18 50
43 19 4
43 20 35
43 21 26
43 22 44
43 23 8
43 24 39
43 25 57
43 26 21
43 27 48
43 28 6
43 29 46
43 30 13
43 31 53
43 32 11
43 33 38
43 34 2
43 35 20
43 36 51
43 37 15
43 38 33
43 39 24
43 40 55
43 41 9
43 42 49
43 43 0
43 44 22
43 45 14
43 46 29
43 47 5
43 48 27
43 49 42
43 50 18
43 51 36
43 52 3
43 53 31
43 54 12
43 55 40
43 56 7
43 57 25
43 58 1
43 59 16
44 0 44
44 1 59
44 2 35
44 3 53
44 4 20
44 5 46
44 6 29
44 7 55
44 8 22
44 9 40
44 10 16
44 11 31
44 12 56
44 13 32
44 14 47
44 15 38
44 16 57
44 17 11
44 18 49
44 19 5
44 20 33
44 21 25
44 22 42
44 23 7
44 24 41
44 25 58
44 26 23
44 27 50
44 28 8
44 29 45
44 30 14
44 31 51
44 32 9
44 33 36
44 34 1
44 35 18
44 36 52
44 37 17
44 38 34
44 39 26
44 40 54
44 41 10
44 42 48
44 43 2
44 44 21
44 45 12
44 46 27
44 47 3
44 48 28
44 49 43
44 50 19
44 51 37
44 52 4
44 53 30
44 54 13
44 55 39
44 56 6
44 57 24
44 58 0
44 59 15
45 0 45
45 1 54
45 2 30
45 3 57
45 4 21
45 5 39
45 6 33
45 7 51
45 8 15
45 9 42
45 10 18
45 11 27
45 12 58
45 13 34
45 14 43
45 15 46
45 16 48
45 17 6
45 18 55
45 19 9
45 20 24
45 21 31
45 22 36
45 23 3
45 24 47
45 25 52
45 26 19
45 27 59
45 28 10
45 29 37
45 30 22
45 31 49
45 32 0
45 33 40
45 34 7
45 35 12
45 36 56
45 37 23
45 38 28
45 39 35
45 40 50
45 41 4
45 42 53
45 43 11
45 44 13
45 45 16
45 46 25
45 47 1
45 48 32
45 49 41
45 50 17
45 51 44
45 52 8
45 53 26
45 54 20
45 55 38
45 56 2
45 57 29
45 58 5
45 59 14
46 0 46
46 1 55
46 2 31
46 3 59
46 4 22
46 5 40
46 6 35
46 7 53
46 8 16
46 9 44
46 10 20
46 11 29
46 12 57
46 13 33
46 14 42
46 15 47
46 16 49
46 17 7
46 18 56
46 19 11
46 20 25
46 21 32
46 22 38
46 23 5
46 24 45
46 25 51
46 26 18
46 27 58
46 28 9
46 29 36
46 30 23
46 31 50
46 32 1
46 33 41
46 34 8
46 35 14
46 36 54
46 37 21
46 38 27
46 39 34
46 40 48
46 41 3
46 42 52
46 43 10
46 44 12
46 45 17
46 46 26
46 47 2
46 48 30
46 49 39
46 50 15
46 51 43
46 52 6
46 53 24
46 54 19
46 55 37
46 56 0
46 57 28
46 58 4
46 59 13
47 0 47
47 1 56
47 2 32
47 3 58
47 4 23
47 5 41
47 6 34
47 7 52
47 8 17
47 9 43
47 10 19
47 11 28
47 12 59
47 13 35
47 14 44
47 15 45
47 16 50
47 17 8
47 18 54
47 19 10
47 20 26
47 21 30
47 22 37
47 23 4
47 24 46
47 25 53
47 26 20
47 27 57
47 28 11
47 29 38
47 30 21
47 31 48
47 32 2
47 33 39
47 34 6
47 35 13
47 36 55
47 37 22
47 38 29
47 39 33
47 40 49
47 41 5
47 42 51
47 43 9
47 44 14
47 45 15
47 46 24
47 47 0
47 48 31
47 49 40
47 50 16
47 51 42
47 52 7
47 53 25
47 54 18
47 55 36
47 56 1
47 57 27
47 58 3
47 59 12
48 0 48
48 1 24
48 2 36
48 3 37
48 4 49
48 5 12
48 6 50
48 7 13
48 8 25
48 9 26
48 10 38
48 11 14
48 12 39
48 13 51
48 14 27
48 15 52
48 16 0
48 17 40
48 18 28
48 19 53
48 20 1
48 21 41
48 22 2
48 23 29
48 24 54
48 25 15
48 26 42
48 27 43
48 28 55
48 29 3
48 30 56
48 31 4
48 32 16
48 33 17
48 34 44
48 35 5
48 36 30
48 37 57
48 38 18
48 39 58
48 40 6
48 41 31
48 42 19
48 43 59
48 44 7
48 45 32
48 46 8
48 47 20
48 48 45
48 49 21
48 50 33
48 51 34
48 52 46
48 53 9
48 54 47
48 55 10
48 56 22
48 57 23
48 58 35
48 59 11
49 0 49
49 1 25
49 2 38
49 3 36
49 4 50
49 5 14
49 6 48
49 7 12
49 8 26
49 9 24
49 10 37
49 11 13
49 12 40
49 13 53
49 14 29
49 15 51
49 16 1
49 17 41
49 18 27
49 19 52
49 20 2
49 21 39
49 22 0
49 23 28
49 24 55
49 25 16
49 26 44
49 27 42
49 28 56
49 29 5
49 30 54
49 31 3
49 32 17
49 33 15
49 34 43
49 35 4
49 36 31
49 37 59
49 38 20
49 39 57
49 40 7
49 41 32
49 42 18
49 43 58
49 44 8
49 45 30
49 46 6
49 47 19
49 48 46
49 49 22
49 50 35
49 51 33
49 52 47
49 53 11
49 54 45
49 55 9
49 56 23
49 57 21
49 58 34
49 59 10
50 0 50
50 1 26
50 2 37
50 3 38
50 4 48
50 5 13
50 6 49
50 7 14
50 8 24
50 9 25
50 10 36
50 11 12
50 12 41
50 13 52
50 14 28
50 15 53
50 16 2
50 17 39
50 18 29
50 19 51
50 20 0
50 21 40
50 22 1
50 23 27
50 24 56
50 25 17
50 26 43
50 27 44
50 28 54
50 29 4
50 30 55
50 31 5
50 32 15
50 33 16
50 34 42
50 35 3
50 36 32
50 37 58
50 38 19
50 39 59
50 40 8
50 41 30
50 42 20
50 43 57
50 44 6
50 45 31
50 46 7
50 47 18
50 48 47
50 49 23
50 50 34
50 51 35
50 52 45
50 53 10
50 54 46
50 55 11
50 56 21
50 57 22
50 58 33
50 59 9
51 0 51
51 1 27
51 2 39
51 3 42
51 4 54
51 5 15
51 6 57
51 7 18
51 8 30
51 9 33
51 10 45
51 11 21
51 12 36
51 13 48
51 14 24
51 15 55
51 16 3
51 17 43
51 18 31
51 19 58
51 20 6
51 21 46
51 22 9
51 23 34
51 24 49
51 25 12
51 26 37
51 27 40
51 28 52
51 29 0
51 30 59
51 31 7
51 32 19
51 33 22
51 34 47
51 35 10
51 36 25
51 37 50
51 38 13
51 39 53
51 40 1
51 41 28
51 42 16
51 43 56
51 44 4
51 45 35
51 46 11
51 47 23
51 48 38
51 49 14
51 50 26
51 51 29
51 52 41
51 53 2
51 54 44
51 55 5
51 56 17
51 57 20
51 58 32
51 59 8
52 0 52
52 1 28
52 2 41
52 3 43
52 4 56
52 5 17
52 6 58
52 7 19
52 8 32
52 9 34
52 10 47
52 11 23
52 12 37
52 13 50
52 14 26
52 15 54
52 16 4
52 17 44
52 18 30
52 19 59
52 20 8
52 21 45
52 22 10
52 23 35
52 24 48
52 25 13
52 26 38
52 27 39
52 28 53
52 29 2
52 30 57
52 31 6
52 32 20
52 33 21
52 34 46
52 35 11
52 36 24
52 37 49
52 38 14
52 39 51
52 40 0
52 41 29
52 42 15
52 43 55
52 44 5
52 45 33
52 46 9
52 47 22
52 48 36
52 49 12
52 50 25
52 51 27
52 52 40
52 53 1
52 54 42
52 55 3
52 56 16
52 57 18
52 58 31
52 59 7
53 0 53
53 1 29
53 2 40
53 3 44
53 4 55
53 5 16
53 6 59
53 7 20
53 8 31
53 9 35
53 10 46
53 11 22
53 12 38
53 13 49
53 14 25
53 15 56
53 16 5
53 17 42
53 18 32
53 19 57
53 20 7
53 21 47
53 22 11
53 23 33
53 24 50
53 25 14
53 26 36
53 27 41
53 28 51
53 29 1
53 30 58
53 31 8
53 32 18
53 33 23
53 34 45
53 35 9
53 36 26
53 37 48
53 38 12
53 39 52
53 40 2
53 41 27
53 42 17
53 43 54
53 44 3
53 45 34
53 46 10
53 47 21
53 48 37
53 49 13
53 50 24
53 51 28
53 52 39
53 53 0
53 54 43
53 55 4
53 56 15
53 57 19
53 58 30
53 59 6
54 0 54
54 1 30
54 2 45
54 3 39
54 4 57
54 5 21
54 6 51
54 7 15
54 8 33
54 9 27
54 10 42
54 11 18
54 12 43
54 13 58
54 14 34
54 15 48
54 16 6
54 17 46
54 18 24
54 19 55
54 20 9
54 21 36
54 22 3
54 23 31
54 24 52
54 25 19
54 26 47
54 27 37
54 28 59
54 29 10
54 30 49
54 31 0
54 32 22
54 33 12
54 34 40
54 35 7
54 36 28
54 37 56
54 38 23
54 39 50
54 40 4
54 41 35
54 42 13
54 43 53
54 44 11
54 45 25
54 46 1
54 47 16
54 48 41
54 49 17
54 50 32
54 51 26
54 52 44
54 53 8
54 54 38
54 55 2
54 56 20
54 57 14
54 58 29
54 59 5
55 0 55
55 1 31
55 2 46
55 3 40
55 4 59
55 5 22
55 6 53
55 7 16
55 8 35
55 9 29
55 10 44
55 11 20
55 12 42
55 13 57
55 14 33
55 15 49
55 16 7
55 17 47
55 18 25
55 19 56
55 20 11
55 21 38
55 22 5
55 23 32
55 24 51
55 25 18
55 26 45
55 27 36
55 28 58
55 29 9
55 30 50
55 31 1
55 32 23
55 33 14
55 34 41
55 35 8
55 36 27
55 37 54
55 38 21
55 39 48
55 40 3
55 41 34
55 42 12
55 43 52
55 44 10
55 45 26
55 46 2
55 47 17
55 48 39
55 49 15
55 50 30
55 51 24
55 52 43
55 53 6
55 54 37
55 55 0
55 56 19
55 57 13
55 58 28
55 59 4
56 0 56
56 1 32
56 2 47
56 3 41
56 4 58
56 5 23
56 6 52
56 7 17
56 8 34
56 9 28
56 10 43
56 11 19
56 12 44
56 13 59
56 14 35
56 15 50
56 16 8
56 17 45
56 18 26
56 19 54
56 20 10
56 21 37
56 22 4
56 23 30
56 24 53
56 25 20
56 26 46
56 27 38
56 28 57
56 29 11
56 30 48
56 31 2
56 32 21
56 33 13
56 34 39
56 35 6
56 36 29
56 37 55
56 38 22
56 39 49
56 40 5
56 41 33
56 42 14
56 43 51
56 44 9
56 45 24
56 46 0
56 47 15
56 48 40
56 49 16
56 50 31
56 51 25
56 52 42
56 53 7
56 54 36
56 55 1
56 56 18
56 57 12
56 58 27
56 59 3
57 0 57
57 1 33
57 2 42
57 3 45
57 4 51
57 5 18
57 6 54
57 7 21
57 8 27
57 9 30
57 10 39
57 11 15
57 12 46
57 13 55
57 14 31
57 15 58
57 16 9
57 17 36
57 18 34
57 19 48
57 20 3
57 21 43
57 22 6
57 23 24
57 24 59
57 25 22
57 26 40
57 27 47
57 28 49
57 29 7
57 30 52
57 31 10
57 32 12
57 33 19
57 34 37
57 35 0
57 36 35
57 37 53
57 38 16
57 39 56
57 40 11
57 41 25
57 42 23
57 43 50
57 44 1
57 45 28
57 46 4
57 47 13
57 48 44
57 49 20
57 50 29
57 51 32
57 52 38
57 53 5
57 54 41
57 55 8
57 56 14
57 57 17
57 58 26
57 59 2
58 0 58
58 1 34
58 2 43
58 3 47
58 4 52
58 5 19
58 6 56
58 7 23
58 8 28
58 9 32
58 10 41
58 11 17
58 12 45
58 13 54
58 14 30
58 15 59
58 16 10
58 17 37
58 18 35
58 19 50
58 20 4
58 21 44
58 22 8
58 23 26
58 24 57
58 25 21
58 26 39
58 27 46
58 28 48
58 29 6
58 30 53
58 31 11
58 32 13
58 33 20
58 34 38
58 35 2
58 36 33
58 37 51
58 38 15
58 39 55
58 40 9
58 41 24
58 42 22
58 43 49
58 44 0
58 45 29
58 46 5
58 47 14
58 48 42
58 49 18
58 50 27
58 51 31
58 52 36
58 53 3
58 54 40
58 55 7
58 56 12
58 57 16
58 58 25
58 59 1
59 0 59
59 1 35
59 2 44
59 3 46
59 4 53
59 5 20
59 6 55
59 7 22
59 8 29
59 9 31
59 10 40
59 11 16
59 12 47
59 13 56
59 14 32
59 15 57
59 16 11
59 17 38
59 18 33
59 19 49
59 20 5
59 21 42
59 22 7
59 23 25
59 24 58
59 25 23
59 26 41
59 27 45
59 28 50
59 29 8
59 30 51
59 31 9
59 32 14
59 33 18
59 34 36
59 35 1
59 36 34
59 37 52
59 38 17
59 39 54
59 40 10
59 41 26
59 42 21
59 43 48
59 44 2
59 45 27
59 46 3
59 47 12
59 48 43
59 49 19
59 50 28
59 51 30
59 52 37
59 53 4
59 54 39
59 55 6
59 56 13
59 57 15
59 58 24
59 59 0
0
0 37 34
1 43 37
2 25 49
3 17 28
4 41 54
5 6 59
6 16 29
7 53 49
8 27 50
9 4 2
10 26 27
11 12 48
12 36 55
13 27 48
14 24 2
15 26 57
16 58 35
17 51 14
18 33 38
19 43 50
20 24 10
21 45 16
22 16 5
23 41 47
24 7 27
25 58 39
26 45 53
27 36 28
28 34 17
29 51 55
30 12 33
31 11 57
32 31 13
33 32 23
34 58 1
35 16 28
36 2 49
37 49 15
38 26 12
39 27 8
40 24 37
41 35 8
42 37 4
43 52 0
44 14 57
45 54 30
46 49 27
47 15 25
48 46 24
49 13 26
50 16 35
51 30 35
52 53 32
53 44 59
54 25 57
55 15 46
56 44 22
57 33 35
58 15 58
59 24 1
60 26 24
61 28 14
62 41 2
63 22 50
64 28 22
65 24 31
66 18 36
67 35 42
68 54 26
69 20 0
70 3 15
71 45 45
72 59 34
73 51 4
74 10 53
75 7 24
76 56 28
77 26 25
78 21 41
79 40 27
80 5 51
81 38 22
82 16 6
83 56 52
84 14 21
85 58 35
86 45 46
87 31 51
88 56 31
89 44 54
90 2 31
91 33 25
92 57 8
93 11 50
94 44 8
95 15 25
96 48 49
97 58 5
98 29 5
99 26 39
100 20 38
101 58 41
102 22 25
103 53 11
104 34 27
105 19 29
106 24 54
107 29 43
108 12 30
109 42 37
110 1 8
111 47 39
112 44 42
113 27 2
114 20 20
115 30 54
116 6 27
117 39 46
118 8 39
119 52 45
120 32 21
121 22 49
122 31 7
123 57 41
124 11 26
125 50 38
126 55 58
127 10 45
128 55 25
129 42 3
130 27 20
131 13 24
132 20 4
133 21 37
134 13 44
135 28 10
136 26 42
137 36 39
138 11 27
139 39 45
140 57 16
141 57 35
142 20 52
143 52 2
144 2 2
145 42 25
146 26 50
147 48 50
148 58 30
149 1 12
150 42 18
151 43 42
152 53 23
153 13 49
154 55 26
155 37 19
156 12 18
157 45 39
158 40 24
159 41 7
160 2 48
161 50 5
162 12 14
163 47 29
164 33 3
165 31 3
166 26 8
167 30 12
168 36 17
169 25 44
170 42 0
171 54 37
172 5 4
173 45 36
174 45 28
175 39 20
176 48 48
177 42 57
178 43 19
179 26 13
180 35 34
181 49 21
182 47 40
183 37 4
184 10 32
185 54 17
186 49 3
187 0 26
188 5 43
189 30 43
190 5 45
191 58 29
192 54 48
193 47 37
194 52 56
195 29 15
196 14 3
197 38 47
198 7 15
199 35 33
200 19 28
201 19 25
202 41 1
203 42 4
204 0 51
205 48 47
206 15 3
207 6 42
208 14 18
209 47 59
210 8 27
211 33 19
212 49 6
213 53 29
214 46 44
215 23 4
216 14 38
217 16 44
218 1 28
219 30 11
220 52 25
221 18 55
222 7 12
223 59 33
224 23 21
225 1 16
226 26 3
227 47 48
228 27 41
229 25 1
230 33 48
231 48 38
232 50 34
233 40 28
234 32 5
235 25 58
236 54 17
237 32 8
238 9 42
239 59 20
240 16 0
241 13 17
242 25 50
243 32 27
244 48 40
245 0 33
246 32 24
247 51 8
248 26 0
249 11 11
250 59 55
251 2 33
252 53 53
253 30 52
254 31 20
255 5 20
256 1 23
257 38 13
258 39 38
259 26 46
260 20 26
261 46 54
262 53 21
263 57 41
264 5 19
265 5 38
266 30 36
267 50 43
268 42 19
269 46 52
270 48 49
271 46 32
272 37 27
273 50 21
274 24 4
275 44 24
276 18 49
277 13 21
278 9 11
279 54 11
280 55 24
281 34 32
282 35 19
283 30 59
284 55 35
285 16 44
286 48 4
287 17 52
288 20 32
289 37 44
290 26 27
291 38 48
292 49 50
293 9 56
294 32 32
295 41 50
296 2 29
297 38 53
298 5 3
299 35 54
300 57 27
301 11 13
302 50 24
303 51 20
304 30 34
305 43 19
306 21 16
307 31 23
308 53 9
309 29 46
310 47 0
311 54 37
312 45 7
313 54 47
314 29 7
315 16 58
316 23 16
317 4 54
318 50 30
319 40 31
320 4 3
321 40 42
322 25 13
323 51 19
324 23 37
325 4 24
326 16 31
327 25 23
328 25 37
329 17 22
330 3 23
331 56 1
332 42 50
333 16 5
334 5 24
335 28 1
336 26 33
337 27 54
338 19 0
339 15 47
340 31 38
341 49 0
342 26 35
343 11 3
344 33 14
345 46 7
346 30 3
347 15 12
348 51 24
349 9 22
350 49 59
351 59 39
352 55 3
353 44 45
354 18 30
355 2 47
356 52 27
357 31 8
358 8 9
359 3 40
360 14 57
361 25 11
362 3 13
363 28 20
364 29 30
365 12 39
366 29 9
367 25 5
368 16 3
369 56 34
370 36 51
371 29 59
372 30 33
373 50 34
374 9 39
375 7 5
376 54 12
377 19 48
378 36 7
379 28 28
380 59 0
381 11 46
382 21 19
383 38 42
384 14 56
385 46 36
386 14 25
387 31 15
388 35 31
389 56 58
390 51 57
391 9 42
392 52 30
393 53 37
394 52 28
395 51 13
396 36 43
397 5 57
398 40 5
399 29 41
400 52 1
401 7 13
402 59 18
403 38 1
404 39 11
405 8 24
406 48 32
407 0 31
408 30 17
409 50 54
410 36 27
411 0 34
412 41 22
413 2 4
414 13 55
415 29 34
416 2 6
417 34 44
418 17 37
419 55 43
420 50 29
421 33 39
422 54 26
423 56 27
424 13 34
425 21 12
426 42 19
427 14 32
428 3 9
429 13 17
430 30 35
431 47 49
432 45 50
433 48 56
434 17 48
435 46 57
436 39 50
437 37 7
438 42 54
439 49 8
440 45 6
441 36 29
442 12 58
443 45 38
444 19 6
445 38 52
446 41 46
447 7 27
448 38 14
449 10 53
450 35 30
451 27 19
452 4 24
453 18 4
454 37 24
455 23 39
456 4 18
457 46 45
458 4 50
459 14 48
460 54 22
461 19 24
462 43 28
463 19 48
464 58 22
465 0 24
466 16 57
467 48 55
468 12 22
469 51 40
470 12 0
471 52 42
472 7 29
473 13 5
474 32 59
475 18 38
476 22 36
477 39 30
478 36 57
479 46 17
480 23 23
481 4 27
482 39 22
483 12 39
484 47 54
485 11 5
486 45 58
487 48 26
488 44 48
489 45 27
490 22 3
491 34 28
492 45 34
493 37 55
494 44 37
495 55 47
496 5 42
497 39 2
498 3 30
499 14 6
500 56 17
501 48 32
502 8 6
503 37 4
504 57 34
505 53 51
506 37 27
507 50 42
508 26 47
509 1 34
510 45 26
511 11 29
512 30 8
513 47 7
514 11 23
515 41 53
516 48 16
517 18 54
518 25 57
519 22 43
520 35 40
521 56 30
522 0 48
523 35 52
524 52 34
525 49 30
526 58 11
527 20 52
528 57 27
529 44 54
530 5 3
531 15 50
532 49 1
533 22 42
534 26 16
535 51 57
536 31 36
537 14 8
538 29 17
539 35 3
540 42 24
541 48 27
542 52 30
543 6 17
544 43 7
545 51 18
546 29 24
547 33 20
548 6 27
549 33 31
550 51 58
551 23 31
552 51 55
553 38 40
554 8 22
555 26 52
556 58 53
557 25 2
558 2 30
559 17 59
560 36 41
561 18 0
562 36 24
563 20 32
564 36 25
565 41 33
566 2 23
567 17 20
568 17 55
569 13 34
570 7 40
571 59 43
572 40 45
573 4 29
574 54 8
575 13 53
576 16 22
577 35 14
578 5 40
579 35 13
580 19 59
581 36 54
582 34 33
583 47 11
584 5 24
585 5 4
586 25 5
587 13 15
588 48 28
589 40 42
590 48 46
591 32 48
592 24 14
593 3 27
594 25 56
595 30 35
596 7 9
597 47 14
598 29 36
599 9 18
600 50 26
601 18 5
602 38 45
603 20 54
604 25 11
605 37 0
606 21 48
607 10 22
608 2 43
609 0 53
610 5 19
611 50 14
612 27 55
613 54 14
614 4 53
615 23 7
616 40 57
617 58 48
618 12 23
619 2 6
620 41 11
621 6 55
622 5 0
623 38 39
624 7 18
625 52 40
626 41 0
627 11 3
628 44 8
629 39 14
630 10 14
631 16 52
632 33 21
633 33 47
634 54 21
635 5 4
636 13 30
637 2 12
638 25 45
639 36 5
640 14 26
641 31 19
642 49 5
643 5 4
644 41 51
645 17 55
646 58 39
647 43 26
648 50 25
649 23 30
650 40 17
651 7 44
652 5 52
653 26 14
654 1 27
655 41 30
656 31 9
657 33 36
658 2 19
659 44 21
660 20 22
661 12 50
662 36 32
663 44 43
664 47 57
665 43 48
666 59 15
667 6 3
668 59 25
669 16 26
670 28 5
671 42 10
672 55 29
673 41 30
674 25 24
675 47 24
676 21 42
677 28 49
678 2 29
679 30 36
680 54 36
681 13 22
682 41 19
683 42 22
684 10 30
685 2 11
686 11 19
687 26 22
688 12 34
689 9 29
690 15 4
691 6 10
692 38 6
693 17 42
694 50 29
695 28 15
696 5 44
697 51 5
698 14 18
699 41 2
700 58 47
701 55 15
702 20 52
703 37 43
704 20 27
705 41 37
706 19 44
707 24 57
708 48 3
709 49 34
710 35 8
711 35 21
712 50 25
713 39 12
714 32 44
715 12 55
716 24 6
717 57 58
718 12 40
719 9 21
720 10 45
721 5 35
722 44 50
723 12 38
724 12 28
725 24 54
726 3 51
727 20 48
728 6 21
729 40 58
730 7 48
731 47 1
732 45 28
733 45 9
734 8 46
735 45 7
736 48 41
737 37 59
738 7 19
739 55 46
740 58 3
741 10 21
742 57 9
743 28 46
744 7 23
745 48 4
746 29 34
747 40 24
748 1 56
749 48 14
750 16 34
751 31 52
752 12 30
753 9 22
754 47 17
755 28 54
756 5 31
757 48 26
758 24 45
759 42 14
760 6 25
761 3 35
762 36 5
763 38 18
764 18 36
765 56 31
766 11 31
767 11 11
768 46 37
769 49 58
770 4 25
771 24 9
772 50 38
773 48 35
774 22 9
775 29 21
776 7 27
777 57 56
778 2 33
779 10 37
780 44 14
781 18 48
782 32 48
783 53 54
784 27 30
785 24 49
786 3 37
787 49 18
788 54 8
789 6 0
790 8 50
791 37 6
792 55 53
793 49 25
794 53 20
795 17 24
796 34 0
797 40 36
798 54 27
799 29 32
800 9 32
801 29 44
802 40 59
803 9 19
804 37 52
805 25 15
806 33 11
807 45 38
808 16 50
809 58 51
810 19 51
811 44 33
812 57 0
813 53 35
814 21 51
815 30 31
816 21 24
817 27 40
818 39 22
819 17 9
820 49 14
821 6 27
822 26 8
823 28 25
824 56 31
825 24 1
826 54 6
827 33 35
828 14 53
829 56 38
830 30 58
831 7 51
832 20 33
833 30 21
834 20 11
835 29 21
836 50 7
837 30 40
838 42 17
839 59 34
840 1 58
841 59 11
842 15 1
843 56 45
844 12 43
845 42 29
846 27 11
847 35 23
848 54 59
849 22 16
850 38 8
851 57 56
852 59 44
853 2 4
854 30 23
855 14 25
856 39 53
857 3 53
858 32 47
859 39 29
860 8 36
861 34 35
862 23 40
863 4 19
864 6 59
865 24 58
866 38 19
867 52 14
868 4 5
869 48 55
870 32 9
871 43 47
872 43 6
873 52 8
874 55 3
875 47 17
876 9 50
877 7 3
878 9 3
879 43 9
880 34 3
881 28 44
882 1 31
883 23 49
884 48 31
885 51 20
886 30 28
887 11 18
888 54 3
889 20 55
890 58 13
891 41 31
892 39 46
893 13 31
894 36 59
895 33 17
896 42 9
897 11 38
898 53 59
899 44 22
900 24 22
901 25 6
902 41 29
903 7 31
904 31 34
905 45 51
906 23 23
907 48 1
908 15 43
909 43 9
910 12 1
911 3 58
912 12 34
913 44 50
914 8 12
915 14 15
916 27 36
917 18 23
918 35 40
919 4 9
920 26 2
921 7 40
922 40 26
923 51 42
924 56 29
925 41 15
926 50 8
927 39 47
928 23 30
929 1 25
930 31 57
931 44 49
932 14 31
933 17 44
934 38 56
935 20 28
936 41 21
937 15 7
938 28 24
939 42 45
940 27 46
941 18 55
942 13 34
943 3 48
944 14 30
945 16 8
946 45 43
947 32 59
948 53 11
949 26 26
950 12 9
951 0 47
952 12 46
953 13 20
954 47 36
955 36 57
956 26 7
957 11 47
958 21 48
959 28 56
960 1 53
961 39 34
962 30 59
963 11 44
964 33 16
965 16 0
966 14 28
967 57 39
968 13 50
969 11 46
970 54 35
971 1 43
972 33 33
973 47 34
974 31 33
975 55 27
976 0 18
977 41 11
978 34 0
979 6 20
980 56 28
981 17 13
982 12 2
983 24 6
984 29 3
985 6 29
986 40 32
987 40 47
988 52 43
989 45 3
990 57 59
991 1 31
992 15 12
993 51 15
994 13 42
995 53 26
996 10 48
997 40 10
998 25 15
999 44 57
1000 24 1
1001 23 30
1002 31 24
1003 28 13
1004 57 0
1005 53 27
1006 1 30
1007 10 16
1008 2 14
1009 22 37
1010 48 50
1011 15 6
1012 49 9
1013 25 10
1014 41 4
1015 51 6
1016 26 17
1017 34 53
1018 12 33
1019 49 8
1020 14 23
1021 18 14
1022 50 12
1023 49 40
