2048
2048
60
1
0 0 0
0 1 1
0 2 2
0 3 3
0 4 4
0 5 5
0 6 6
0 7 7
0 8 8
0 9 9
0 10 10
0 11 11
0 12 12
0 13 13
0 14 14
0 15 15
0 16 16
0 17 17
0 18 18
0 19 19
0 20 20
0 21 21
0 22 22
0 23 23
0 24 24
0 25 25
0 26 26
0 27 27
0 28 28
0 29 29
0 30 30
0 31 31
0 32 32
0 33 33
0 34 34
0 35 35
0 36 36
0 37 37
0 38 38
0 39 39
0 40 40
0 41 41
0 42 42
0 43 43
0 44 44
0 45 45
0 46 46
0 47 47
0 48 48
0 49 49
0 50 50
0 51 51
0 52 52
0 53 53
0 54 54
0 55 55
0 56 56
0 57 57
0 58 58
0 59 59
1 0 1
1 1 2
1 2 0
1 3 5
1 4 3
1 5 4
1 6 7
1 7 8
1 8 6
1 9 11
1 10 9
1 11 10
1 12 14
1 13 12
1 14 13
1 15 16
1 16 17
1 17 15
1 18 20
1 19 18
1 20 19
1 21 22
1 22 23
1 23 21
1 24 25
1 25 26
1 26 24
1 27 29
1 28 27
1 29 28
1 30 31
1 31 32
1 32 30
1 33 35
1 34 33
1 35 34
1 36 38
1 37 36
1 38 37
1 39 40
1 40 41
1 41 39
1 42 44
1 43 42
1 44 43
1 45 46
1 46 47
1 47 45
1 48 49
1 49 50
1 50 48
1 51 53
1 52 51
1 53 52
1 54 55
1 55 56
1 56 54
1 57 59
1 58 57
1 59 58
2 0 2
2 1 0
2 2 1
2 3 4
2 4 5
2 5 3
2 6 8
2 7 6
2 8 7
2 9 10
2 10 11
2 11 9
2 12 13
2 13 14
2 14 12
2 15 17
2 16 15
2 17 16
2 18 19
2 19 20
2 20 18
2 21 23
2 22 21
2 23 22
2 24 26
2 25 24
2 26 25
2 27 28
2 28 29
2 29 27
2 30 32
2 31 30
2 32 31
2 33 34
2 34 35
2 35 33
2 36 37
2 37 38
2 38 36
2 39 41
2 40 39
2 41 40
2 42 43
2 43 44
2 44 42
2 45 47
2 46 45
2 47 46
2 48 50
2 49 48
2 50 49
2 51 52
2 52 53
2 53 51
2 54 56
2 55 54
2 56 55
2 57 58
2 58 59
2 59 57
3 0 3
3 1 6
3 2 9
3 3 0
3 4 7
3 5 10
3 6 1
3 7 4
3 8 11
3 9 2
3 10 5
3 11 8
3 12 15
3 13 18
3 14 21
3 15 12
3 16 19
3 17 22
3 18 13
3 19 16
3 20 23
3 21 14
3 22 17
3 23 20
3 24 27
3 25 30
3 26 33
3 27 24
3 28 31
3 29 34
3 30 25
3 31 28
3 32 35
3 33 26
3 34 29
3 35 32
3 36 39
3 37 42
3 38 45
3 39 36
3 40 43
3 41 46
3 42 37
3 43 40
3 44 47
3 45 38
3 46 41
3 47 44
3 48 51
3 49 54
3 50 57
3 51 48
3 52 55
3 53 58
3 54 49
3 55 52
3 56 59
3 57 50
3 58 53
3 59 56
4 0 4
4 1 8
4 2 10
4 3 2
4 4 6
4 5 11
4 6 0
4 7 5
4 8 9
4 9 1
4 10 3
4 11 7
4 12 17
4 13 19
4 14 23
4 15 13
4 16 20
4 17 21
4 18 14
4 19 15
4 20 22
4 21 12
4 22 16
4 23 18
4 24 28
4 25 32
4 26 34
4 27 26
4 28 30
4 29 35
4 30 24
4 31 29
4 32 33
4 33 25
4 34 27
4 35 31
4 36 41
4 37 43
4 38 47
4 39 37
4 40 44
4 41 45
4 42 38
4 43 39
4 44 46
4 45 36
4 46 40
4 47 42
4 48 52
4 49 56
4 50 58
4 51 50
4 52 54
4 53 59
4 54 48
4 55 53
4 56 57
4 57 49
4 58 51
4 59 55
5 0 5
5 1 7
5 2 11
5 3 1
5 4 8
5 5 9
5 6 2
5 7 3
5 8 10
5 9 0
5 10 4
5 11 6
5 12 16
5 13 20
5 14 22
5 15 14
5 16 18
5 17 23
5 18 12
5 19 17
5 20 21
5 21 13
5 22 15
5 23 19
5 24 29
5 25 31
5 26 35
5 27 25
5 28 32
5 29 33
5 30 26
5 31 27
5 32 34
5 33 24
5 34 28
5 35 30
5 36 40
5 37 44
5 38 46
5 39 38
5 40 42
5 41 47
5 42 36
5 43 41
5 44 45
5 45 37
5 46 39
5 47 43
5 48 53
5 49 55
5 50 59
5 51 49
5 52 56
5 53 57
5 54 50
5 55 51
5 56 58
5 57 48
5 58 52
5 59 54
6 0 6
6 1 9
6 2 3
6 3 10
6 4 0
6 5 7
6 6 4
6 7 11
6 8 1
6 9 8
6 10 2
6 11 5
6 12 21
6 13 15
6 14 18
6 15 19
6 16 22
6 17 12
6 18 23
6 19 13
6 20 16
6 21 17
6 22 20
6 23 14
6 24 30
6 25 33
6 26 27
6 27 34
6 28 24
6 29 31
6 30 28
6 31 35
6 32 25
6 33 32
6 34 26
6 35 29
6 36 45
6 37 39
6 38 42
6 39 43
6 40 46
6 41 36
6 42 47
6 43 37
6 44 40
6 45 41
6 46 44
6 47 38
6 48 54
6 49 57
6 50 51
6 51 58
6 52 48
6 53 55
6 54 52
6 55 59
6 56 49
6 57 56
6 58 50
6 59 53
7 0 7
7 1 11
7 2 5
7 3 9
7 4 1
7 5 8
7 6 3
7 7 10
7 8 2
7 9 6
7 10 0
7 11 4
7 12 22
7 13 16
7 14 20
7 15 18
7 16 23
7 17 14
7 18 21
7 19 12
7 20 17
7 21 15
7 22 19
7 23 13
7 24 31
7 25 35
7 26 29
7 27 33
7 28 25
7 29 32
7 30 27
7 31 34
7 32 26
7 33 30
7 34 24
7 35 28
7 36 46
7 37 40
7 38 44
7 39 42
7 40 47
7 41 38
7 42 45
7 43 36
7 44 41
7 45 39
7 46 43
7 47 37
7 48 55
7 49 59
7 50 53
7 51 57
7 52 49
7 53 56
7 54 51
7 55 58
7 56 50
7 57 54
7 58 48
7 59 52
8 0 8
8 1 10
8 2 4
8 3 11
8 4 2
8 5 6
8 6 5
8 7 9
8 8 0
8 9 7
8 10 1
8 11 3
8 12 23
8 13 17
8 14 19
8 15 20
8 16 21
8 17 13
8 18 22
8 19 14
8 20 15
8 21 16
8 22 18
8 23 12
8 24 32
8 25 34
8 26 28
8 27 35
8 28 26
8 29 30
8 30 29
8 31 33
8 32 24
8 33 31
8 34 25
8 35 27
8 36 47
8 37 41
8 38 43
8 39 44
8 40 45
8 41 37
8 42 46
8 43 38
8 44 39
8 45 40
8 46 42
8 47 36
8 48 56
8 49 58
8 50 52
8 51 59
8 52 50
8 53 54
8 54 53
8 55 57
8 56 48
8 57 55
8 58 49
8 59 51
9 0 9
9 1 3
9 2 6
9 3 7
9 4 10
9 5 0
9 6 11
9 7 1
9 8 4
9 9 5
9 10 8
9 11 2
9 12 18
9 13 21
9 14 15
9 15 22
9 16 12
9 17 19
9 18 16
9 19 23
9 20 13
9 21 20
9 22 14
9 23 17
9 24 33
9 25 27
9 26 30
9 27 31
9 28 34
9 29 24
9 30 35
9 31 25
9 32 28
9 33 29
9 34 32
9 35 26
9 36 42
9 37 45
9 38 39
9 39 46
9 40 36
9 41 43
9 42 40
9 43 47
9 44 37
9 45 44
9 46 38
9 47 41
9 48 57
9 49 51
9 50 54
9 51 55
9 52 58
9 53 48
9 54 59
9 55 49
9 56 52
9 57 53
9 58 56
9 59 50
10 0 10
10 1 4
10 2 8
10 3 6
10 4 11
10 5 2
10 6 9
10 7 0
10 8 5
10 9 3
10 10 7
10 11 1
10 12 19
10 13 23
10 14 17
10 15 21
10 16 13
10 17 20
10 18 15
10 19 22
10 20 14
10 21 18
10 22 12
10 23 16
10 24 34
10 25 28
10 26 32
10 27 30
10 28 35
10 29 26
10 30 33
10 31 24
10 32 29
10 33 27
10 34 31
10 35 25
10 36 43
10 37 47
10 38 41
10 39 45
10 40 37
10 41 44
10 42 39
10 43 46
10 44 38
10 45 42
10 46 36
10 47 40
10 48 58
10 49 52
10 50 56
10 51 54
10 52 59
10 53 50
10 54 57
10 55 48
10 56 53
10 57 51
10 58 55
10 59 49
11 0 11
11 1 5
11 2 7
11 3 8
11 4 9
11 5 1
11 6 10
11 7 2
11 8 3
11 9 4
11 10 6
11 11 0
11 12 20
11 13 22
11 14 16
11 15 23
11 16 14
11 17 18
11 18 17
11 19 21
11 20 12
11 21 19
11 22 13
11 23 15
11 24 35
11 25 29
11 26 31
11 27 32
11 28 33
11 29 25
11 30 34
11 31 26
11 32 27
11 33 28
11 34 30
11 35 24
11 36 44
11 37 46
11 38 40
11 39 47
11 40 38
11 41 42
11 42 41
11 43 45
11 44 36
11 45 43
11 46 37
11 47 39
11 48 59
11 49 53
11 50 55
11 51 56
11 52 57
11 53 49
11 54 58
11 55 50
11 56 51
11 57 52
11 58 54
11 59 48
12 0 12
12 1 13
12 2 14
12 3 24
12 4 25
12 5 26
12 6 36
12 7 37
12 8 38
12 9 48
12 10 49
12 11 50
12 12 0
12 13 1
12 14 2
12 15 27
12 16 28
12 17 29
12 18 39
12 19 40
12 20 41
12 21 51
12 22 52
12 23 53
12 24 3
12 25 4
12 26 5
12 27 15
12 28 16
12 29 17
12 30 42
12 31 43
12 32 44
12 33 54
12 34 55
12 35 56
12 36 6
12 37 7
12 38 8
12 39 18
12 40 19
12 41 20
12 42 30
12 43 31
12 44 32
12 45 57
12 46 58
12 47 59
12 48 9
12 49 10
12 50 11
12 51 21
12 52 22
12 53 23
12 54 33
12 55 34
12 56 35
12 57 45
12 58 46
12 59 47
13 0 13
13 1 14
13 2 12
13 3 26
13 4 24
13 5 25
13 6 37
13 7 38
13 8 36
13 9 50
13 10 48
13 11 49
13 12 2
13 13 0
13 14 1
13 15 28
13 16 29
13 17 27
13 18 41
13 19 39
13 20 40
13 21 52
13 22 53
13 23 51
13 24 4
13 25 5
13 26 3
13 27 17
13 28 15
13 29 16
13 30 43
13 31 44
13 32 42
13 33 56
13 34 54
13 35 55
13 36 8
13 37 6
13 38 7
13 39 19
13 40 20
13 41 18
13 42 32
13 43 30
13 44 31
13 45 58
13 46 59
13 47 57
13 48 10
13 49 11
13 50 9
13 51 23
13 52 21
13 53 22
13 54 34
13 55 35
13 56 33
13 57 47
13 58 45
13 59 46
14 0 14
14 1 12
14 2 13
14 3 25
14 4 26
14 5 24
14 6 38
14 7 36
14 8 37
14 9 49
14 10 50
14 11 48
14 12 1
14 13 2
14 14 0
14 15 29
14 16 27
14 17 28
14 18 40
14 19 41
14 20 39
14 21 53
14 22 51
14 23 52
14 24 5
14 25 3
14 26 4
14 27 16
14 28 17
14 29 15
14 30 44
14 31 42
14 32 43
14 33 55
14 34 56
14 35 54
14 36 7
14 37 8
14 38 6
14 39 20
14 40 18
14 41 19
14 42 31
14 43 32
14 44 30
14 45 59
14 46 57
14 47 58
14 48 11
14 49 9
14 50 10
14 51 22
14 52 23
14 53 21
14 54 35
14 55 33
14 56 34
14 57 46
14 58 47
14 59 45
15 0 15
15 1 18
15 2 21
15 3 27
15 4 30
15 5 33
15 6 39
15 7 42
15 8 45
15 9 51
15 10 54
15 11 57
15 12 3
15 13 6
15 14 9
15 15 24
15 16 31
15 17 34
15 18 36
15 19 43
15 20 46
15 21 48
15 22 55
15 23 58
15 24 0
15 25 7
15 26 10
15 27 12
15 28 19
15 29 22
15 30 37
15 31 40
15 32 47
15 33 49
15 34 52
15 35 59
15 36 1
15 37 4
15 38 11
15 39 13
15 40 16
15 41 23
15 42 25
15 43 28
15 44 35
15 45 50
15 46 53
15 47 56
15 48 2
15 49 5
15 50 8
15 51 14
15 52 17
15 53 20
15 54 26
15 55 29
15 56 32
15 57 38
15 58 41
15 59 44
16 0 16
16 1 20
16 2 22
16 3 29
16 4 31
16 5 35
16 6 40
16 7 44
16 8 46
16 9 53
16 10 55
16 11 59
16 12 5
16 13 7
16 14 11
16 15 25
16 16 32
16 17 33
16 18 38
16 19 42
16 20 47
16 21 49
16 22 56
16 23 57
16 24 1
16 25 8
16 26 9
16 27 14
16 28 18
16 29 23
16 30 36
16 31 41
16 32 45
16 33 50
16 34 51
16 35 58
16 36 2
16 37 3
16 38 10
16 39 12
16 40 17
16 41 21
16 42 26
16 43 27
16 44 34
16 45 48
16 46 52
16 47 54
16 48 0
16 49 4
16 50 6
16 51 13
16 52 15
16 53 19
16 54 24
16 55 28
16 56 30
16 57 37
16 58 39
16 59 43
17 0 17
17 1 19
17 2 23
17 3 28
17 4 32
17 5 34
17 6 41
17 7 43
17 8 47
17 9 52
17 10 56
17 11 58
17 12 4
17 13 8
17 14 10
17 15 26
17 16 30
17 17 35
17 18 37
17 19 44
17 20 45
17 21 50
17 22 54
17 23 59
17 24 2
17 25 6
17 26 11
17 27 13
17 28 20
17 29 21
17 30 38
17 31 39
17 32 46
17 33 48
17 34 53
17 35 57
17 36 0
17 37 5
17 38 9
17 39 14
17 40 15
17 41 22
17 42 24
17 43 29
17 44 33
17 45 49
17 46 51
17 47 55
17 48 1
17 49 3
17 50 7
17 51 12
17 52 16
17 53 18
17 54 25
17 55 27
17 56 31
17 57 36
17 58 40
17 59 42
18 0 18
18 1 21
18 2 15
18 3 33
18 4 27
18 5 30
18 6 42
18 7 45
18 8 39
18 9 57
18 10 51
18 11 54
18 12 9
18 13 3
18 14 6
18 15 31
18 16 34
18 17 24
18 18 46
18 19 36
18 20 43
18 21 55
18 22 58
18 23 48
18 24 7
18 25 10
18 26 0
18 27 22
18 28 12
18 29 19
18 30 40
18 31 47
18 32 37
18 33 59
18 34 49
18 35 52
18 36 11
18 37 1
18 38 4
18 39 16
18 40 23
18 41 13
18 42 35
18 43 25
18 44 28
18 45 53
18 46 56
18 47 50
18 48 5
18 49 8
18 50 2
18 51 20
18 52 14
18 53 17
18 54 29
18 55 32
18 56 26
18 57 44
18 58 38
18 59 41
19 0 19
19 1 23
19 2 17
19 3 34
19 4 28
19 5 32
19 6 43
19 7 47
19 8 41
19 9 58
19 10 52
19 11 56
19 12 10
19 13 4
19 14 8
19 15 30
19 16 35
19 17 26
19 18 45
19 19 37
19 20 44
19 21 54
19 22 59
19 23 50
19 24 6
19 25 11
19 26 2
19 27 21
19 28 13
19 29 20
19 30 39
19 31 46
19 32 38
19 33 57
19 34 48
19 35 53
19 36 9
19 37 0
19 38 5
19 39 15
19 40 22
19 41 14
19 42 33
19 43 24
19 44 29
19 45 51
19 46 55
19 47 49
19 48 3
19 49 7
19 50 1
19 51 18
19 52 12
19 53 16
19 54 27
19 55 31
19 56 25
19 57 42
19 58 36
19 59 40
20 0 20
20 1 22
20 2 16
20 3 35
20 4 29
20 5 31
20 6 44
20 7 46
20 8 40
20 9 59
20 10 53
20 11 55
20 12 11
20 13 5
20 14 7
20 15 32
20 16 33
20 17 25
20 18 47
20 19 38
20 20 42
20 21 56
20 22 57
20 23 49
20 24 8
20 25 9
20 26 1
20 27 23
20 28 14
20 29 18
20 30 41
20 31 45
20 32 36
20 33 58
20 34 50
20 35 51
20 36 10
20 37 2
20 38 3
20 39 17
20 40 21
20 41 12
20 42 34
20 43 26
20 44 27
20 45 52
20 46 54
20 47 48
20 48 4
20 49 6
20 50 0
20 51 19
20 52 13
20 53 15
20 54 28
20 55 30
20 56 24
20 57 43
20 58 37
20 59 39
21 0 21
21 1 15
21 2 18
21 3 30
21 4 33
21 5 27
21 6 45
21 7 39
21 8 42
21 9 54
21 10 57
21 11 51
21 12 6
21 13 9
21 14 3
21 15 34
21 16 24
21 17 31
21 18 43
21 19 46
21 20 36
21 21 58
21 22 48
21 23 55
21 24 10
21 25 0
21 26 7
21 27 19
21 28 22
21 29 12
21 30 47
21 31 37
21 32 40
21 33 52
21 34 59
21 35 49
21 36 4
21 37 11
21 38 1
21 39 23
21 40 13
21 41 16
21 42 28
21 43 35
21 44 25
21 45 56
21 46 50
21 47 53
21 48 8
21 49 2
21 50 5
21 51 17
21 52 20
21 53 14
21 54 32
21 55 26
21 56 29
21 57 41
21 58 44
21 59 38
22 0 22
22 1 16
22 2 20
22 3 31
22 4 35
22 5 29
22 6 46
22 7 40
22 8 44
22 9 55
22 10 59
22 11 53
22 12 7
22 13 11
22 14 5
22 15 33
22 16 25
22 17 32
22 18 42
22 19 47
22 20 38
22 21 57
22 22 49
22 23 56
22 24 9
22 25 1
22 26 8
22 27 18
22 28 23
22 29 14
22 30 45
22 31 36
22 32 41
22 33 51
22 34 58
22 35 50
22 36 3
22 37 10
22 38 2
22 39 21
22 40 12
22 41 17
22 42 27
22 43 34
22 44 26
22 45 54
22 46 48
22 47 52
22 48 6
22 49 0
22 50 4
22 51 15
22 52 19
22 53 13
22 54 30
22 55 24
22 56 28
22 57 39
22 58 43
22 59 37
23 0 23
23 1 17
23 2 19
23 3 32
23 4 34
23 5 28
23 6 47
23 7 41
23 8 43
23 9 56
23 10 58
23 11 52
23 12 8
23 13 10
23 14 4
23 15 35
23 16 26
23 17 30
23 18 44
23 19 45
23 20 37
23 21 59
23 22 50
23 23 54
23 24 11
23 25 2
23 26 6
23 27 20
23 28 21
23 29 13
23 30 46
23 31 38
23 32 39
23 33 53
23 34 57
23 35 48
23 36 5
23 37 9
23 38 0
23 39 22
23 40 14
23 41 15
23 42 29
23 43 33
23 44 24
23 45 55
23 46 49
23 47 51
23 48 7
23 49 1
23 50 3
23 51 16
23 52 18
23 53 12
23 54 31
23 55 25
23 56 27
23 57 40
23 58 42
23 59 36
24 0 24
24 1 36
24 2 48
24 3 12
24 4 37
24 5 49
24 6 13
24 7 25
24 8 50
24 9 14
24 10 26
24 11 38
24 12 27
24 13 39
24 14 51
24 15 0
24 16 40
24 17 52
24 18 1
24 19 28
24 20 53
24 21 2
24 22 29
24 23 41
24 24 15
24 25 42
24 26 54
24 27 3
24 28 43
24 29 55
24 30 4
24 31 16
24 32 56
24 33 5
24 34 17
24 35 44
24 36 18
24 37 30
24 38 57
24 39 6
24 40 31
24 41 58
24 42 7
24 43 19
24 44 59
24 45 8
24 46 20
24 47 32
24 48 21
24 49 33
24 50 45
24 51 9
24 52 34
24 53 46
24 54 10
24 55 22
24 56 47
24 57 11
24 58 23
24 59 35
25 0 25
25 1 38
25 2 49
25 3 14
25 4 36
25 5 50
25 6 12
25 7 26
25 8 48
25 9 13
25 10 24
25 11 37
25 12 29
25 13 40
25 14 53
25 15 1
25 16 41
25 17 51
25 18 2
25 19 27
25 20 52
25 21 0
25 22 28
25 23 39
25 24 16
25 25 44
25 26 55
25 27 5
25 28 42
25 29 56
25 30 3
25 31 17
25 32 54
25 33 4
25 34 15
25 35 43
25 36 20
25 37 31
25 38 59
25 39 7
25 40 32
25 41 57
25 42 8
25 43 18
25 44 58
25 45 6
25 46 19
25 47 30
25 48 22
25 49 35
25 50 46
25 51 11
25 52 33
25 53 47
25 54 9
25 55 23
25 56 45
25 57 10
25 58 21
25 59 34
26 0 26
26 1 37
26 2 50
26 3 13
26 4 38
26 5 48
26 6 14
26 7 24
26 8 49
26 9 12
26 10 25
26 11 36
26 12 28
26 13 41
26 14 52
26 15 2
26 16 39
26 17 53
26 18 0
26 19 29
26 20 51
26 21 1
26 22 27
26 23 40
26 24 17
26 25 43
26 26 56
26 27 4
26 28 44
26 29 54
26 30 5
26 31 15
26 32 55
26 33 3
26 34 16
26 35 42
26 36 19
26 37 32
26 38 58
26 39 8
26 40 30
26 41 59
26 42 6
26 43 20
26 44 57
26 45 7
26 46 18
26 47 31
26 48 23
26 49 34
26 50 47
26 51 10
26 52 35
26 53 45
26 54 11
26 55 21
26 56 46
26 57 9
26 58 22
26 59 33
27 0 27
27 1 39
27 2 51
27 3 15
27 4 42
27 5 54
27 6 18
27 7 30
27 8 57
27 9 21
27 10 33
27 11 45
27 12 24
27 13 36
27 14 48
27 15 3
27 16 43
27 17 55
27 18 6
27 19 31
27 20 58
27 21 9
27 22 34
27 23 46
27 24 12
27 25 37
27 26 49
27 27 0
27 28 40
27 29 52
27 30 7
27 31 19
27 32 59
27 33 10
27 34 22
27 35 47
27 36 13
27 37 25
27 38 50
27 39 1
27 40 28
27 41 53
27 42 4
27 43 16
27 44 56
27 45 11
27 46 23
27 47 35
27 48 14
27 49 26
27 50 38
27 51 2
27 52 29
27 53 41
27 54 5
27 55 17
27 56 44
27 57 8
27 58 20
27 59 32
28 0 28
28 1 41
28 2 52
28 3 17
28 4 43
28 5 56
28 6 19
28 7 32
28 8 58
28 9 23
28 10 34
28 11 47
28 12 26
28 13 37
28 14 50
28 15 4
28 16 44
28 17 54
28 18 8
28 19 30
28 20 59
28 21 10
28 22 35
28 23 45
28 24 13
28 25 38
28 26 48
28 27 2
28 28 39
28 29 53
28 30 6
28 31 20
28 32 57
28 33 11
28 34 21
28 35 46
28 36 14
28 37 24
28 38 49
28 39 0
28 40 29
28 41 51
28 42 5
28 43 15
28 44 55
28 45 9
28 46 22
28 47 33
28 48 12
28 49 25
28 50 36
28 51 1
28 52 27
28 53 40
28 54 3
28 55 16
28 56 42
28 57 7
28 58 18
28 59 31
29 0 29
29 1 40
29 2 53
29 3 16
29 4 44
29 5 55
29 6 20
29 7 31
29 8 59
29 9 22
29 10 35
29 11 46
29 12 25
29 13 38
29 14 49
29 15 5
29 16 42
29 17 56
29 18 7
29 19 32
29 20 57
29 21 11
29 22 33
29 23 47
29 24 14
29 25 36
29 26 50
29 27 1
29 28 41
29 29 51
29 30 8
29 31 18
29 32 58
29 33 9
29 34 23
29 35 45
29 36 12
29 37 26
29 38 48
29 39 2
29 40 27
29 41 52
29 42 3
29 43 17
29 44 54
29 45 10
29 46 21
29 47 34
29 48 13
29 49 24
29 50 37
29 51 0
29 52 28
29 53 39
29 54 4
29 55 15
29 56 43
29 57 6
29 58 19
29 59 30
30 0 30
30 1 45
30 2 54
30 3 21
30 4 39
30 5 57
30 6 15
30 7 33
30 8 51
30 9 18
30 10 27
30 11 42
30 12 34
30 13 43
30 14 58
30 15 6
30 16 46
30 17 48
30 18 9
30 19 24
30 20 55
30 21 3
30 22 31
30 23 36
30 24 19
30 25 47
30 26 52
30 27 10
30 28 37
30 29 59
30 30 0
30 31 22
30 32 49
30 33 7
30 34 12
30 35 40
30 36 23
30 37 28
30 38 56
30 39 4
30 40 35
30 41 50
30 42 11
30 43 13
30 44 53
30 45 1
30 46 16
30 47 25
30 48 17
30 49 32
30 50 41
30 51 8
30 52 26
30 53 44
30 54 2
30 55 20
30 56 38
30 57 5
30 58 14
30 59 29
31 0 31
31 1 46
31 2 55
31 3 22
31 4 40
31 5 59
31 6 16
31 7 35
31 8 53
31 9 20
31 10 29
31 11 44
31 12 33
31 13 42
31 14 57
31 15 7
31 16 47
31 17 49
31 18 11
31 19 25
31 20 56
31 21 5
31 22 32
31 23 38
31 24 18
31 25 45
31 26 51
31 27 9
31 28 36
31 29 58
31 30 1
31 31 23
31 32 50
31 33 8
31 34 14
31 35 41
31 36 21
31 37 27
31 38 54
31 39 3
31 40 34
31 41 48
31 42 10
31 43 12
31 44 52
31 45 2
31 46 17
31 47 26
31 48 15
31 49 30
31 50 39
31 51 6
31 52 24
31 53 43
31 54 0
31 55 19
31 56 37
31 57 4
31 58 13
31 59 28
32 0 32
32 1 47
32 2 56
32 3 23
32 4 41
32 5 58
32 6 17
32 7 34
32 8 52
32 9 19
32 10 28
32 11 43
32 12 35
32 13 44
32 14 59
32 15 8
32 16 45
32 17 50
32 18 10
32 19 26
32 20 54
32 21 4
32 22 30
32 23 37
32 24 20
32 25 46
32 26 53
32 27 11
32 28 38
32 29 57
32 30 2
32 31 21
32 32 48
32 33 6
32 34 13
32 35 39
32 36 22
32 37 29
32 38 55
32 39 5
32 40 33
32 41 49
32 42 9
32 43 14
32 44 51
32 45 0
32 46 15
32 47 24
32 48 16
32 49 31
32 50 40
32 51 7
32 52 25
32 53 42
32 54 1
32 55 18
32 56 36
32 57 3
32 58 12
32 59 27
33 0 33
33 1 42
33 2 57
33 3 18
33 4 45
33 5 51
33 6 21
33 7 27
33 8 54
33 9 15
33 10 30
33 11 39
33 12 31
33 13 46
33 14 55
33 15 9
33 16 36
33 17 58
33 18 3
33 19 34
33 20 48
33 21 6
33 22 24
33 23 43
33 24 22
33 25 40
33 26 59
33 27 7
33 28 47
33 29 49
33 30 10
33 31 12
33 32 52
33 33 0
33 34 19
33 35 37
33 36 16
33 37 35
33 38 53
33 39 11
33 40 25
33 41 56
33 42 1
33 43 23
33 44 50
33 45 4
33 46 13
33 47 28
33 48 20
33 49 29
33 50 44
33 51 5
33 52 32
33 53 38
33 54 8
33 55 14
33 56 41
33 57 2
33 58 17
33 59 26
34 0 34
34 1 43
34 2 58
34 3 19
34 4 47
34 5 52
34 6 23
34 7 28
34 8 56
34 9 17
34 10 32
34 11 41
34 12 30
34 13 45
34 14 54
34 15 10
34 16 37
34 17 59
34 18 4
34 19 35
34 20 50
34 21 8
34 22 26
34 23 44
34 24 21
34 25 39
34 26 57
34 27 6
34 28 46
34 29 48
34 30 11
34 31 13
34 32 53
34 33 2
34 34 20
34 35 38
34 36 15
34 37 33
34 38 51
34 39 9
34 40 24
34 41 55
34 42 0
34 43 22
34 44 49
34 45 5
34 46 14
34 47 29
34 48 18
34 49 27
34 50 42
34 51 3
34 52 31
34 53 36
34 54 7
34 55 12
34 56 40
34 57 1
34 58 16
34 59 25
35 0 35
35 1 44
35 2 59
35 3 20
35 4 46
35 5 53
35 6 22
35 7 29
35 8 55
35 9 16
35 10 31
35 11 40
35 12 32
35 13 47
35 14 56
35 15 11
35 16 38
35 17 57
35 18 5
35 19 33
35 20 49
35 21 7
35 22 25
35 23 42
35 24 23
35 25 41
35 26 58
35 27 8
35 28 45
35 29 50
35 30 9
35 31 14
35 32 51
35 33 1
35 34 18
35 35 36
35 36 17
35 37 34
35 38 52
35 39 10
35 40 26
35 41 54
35 42 2
35 43 21
35 44 48
35 45 3
35 46 12
35 47 27
35 48 19
35 49 28
35 50 43
35 51 4
35 52 30
35 53 37
35 54 6
35 55 13
35 56 39
35 57 0
35 58 15
35 59 24
36 0 36
36 1 48
36 2 24
36 3 49
36 4 12
36 5 37
36 6 25
36 7 50
36 8 13
36 9 38
36 10 14
36 11 26
36 12 51
36 13 27
36 14 39
36 15 40
36 16 52
36 17 0
36 18 53
36 19 1
36 20 28
36 21 29
36 22 41
36 23 2
36 24 42
36 25 54
36 26 15
36 27 55
36 28 3
36 29 43
36 30 16
36 31 56
36 32 4
36 33 44
36 34 5
36 35 17
36 36 57
36 37 18
36 38 30
36 39 31
36 40 58
36 41 6
36 42 59
36 43 7
36 44 19
36 45 20
36 46 32
36 47 8
36 48 33
36 49 45
36 50 21
36 51 46
36 52 9
36 53 34
36 54 22
36 55 47
36 56 10
36 57 35
36 58 11
36 59 23
37 0 37
37 1 50
37 2 26
37 3 48
37 4 13
37 5 38
37 6 24
37 7 49
37 8 14
37 9 36
37 10 12
37 11 25
37 12 52
37 13 28
37 14 41
37 15 39
37 16 53
37 17 2
37 18 51
37 19 0
37 20 29
37 21 27
37 22 40
37 23 1
37 24 43
37 25 56
37 26 17
37 27 54
37 28 4
37 29 44
37 30 15
37 31 55
37 32 5
37 33 42
37 34 3
37 35 16
37 36 58
37 37 19
37 38 32
37 39 30
37 40 59
37 41 8
37 42 57
37 43 6
37 44 20
37 45 18
37 46 31
37 47 7
37 48 34
37 49 47
37 50 23
37 51 45
37 52 10
37 53 35
37 54 21
37 55 46
37 56 11
37 57 33
37 58 9
37 59 22
38 0 38
38 1 49
38 2 25
38 3 50
38 4 14
38 5 36
38 6 26
38 7 48
38 8 12
38 9 37
38 10 13
38 11 24
38 12 53
38 13 29
38 14 40
38 15 41
38 16 51
38 17 1
38 18 52
38 19 2
38 20 27
38 21 28
38 22 39
38 23 0
38 24 44
38 25 55
38 26 16
38 27 56
38 28 5
38 29 42
38 30 17
38 31 54
38 32 3
38 33 43
38 34 4
38 35 15
38 36 59
38 37 20
38 38 31
38 39 32
38 40 57
38 41 7
38 42 58
38 43 8
38 44 18
38 45 19
38 46 30
38 47 6
38 48 35
38 49 46
38 50 22
38 51 47
38 52 11
38 53 33
38 54 23
38 55 45
38 56 9
38 57 34
38 58 10
38 59 21
39 0 39
39 1 51
39 2 27
39 3 54
39 4 15
39 5 42
39 6 30
39 7 57
39 8 18
39 9 45
39 10 21
39 11 33
39 12 48
39 13 24
39 14 36
39 15 43
39 16 55
39 17 3
39 18 58
39 19 6
39 20 31
39 21 34
39 22 46
39 23 9
39 24 37
39 25 49
39 26 12
39 27 52
39 28 0
39 29 40
39 30 19
39 31 59
39 32 7
39 33 47
39 34 10
39 35 22
39 36 50
39 37 13
39 38 25
39 39 28
39 40 53
39 41 1
39 42 56
39 43 4
39 44 16
39 45 23
39 46 35
39 47 11
39 48 26
39 49 38
39 50 14
39 51 41
39 52 2
39 53 29
39 54 17
39 55 44
39 56 5
39 57 32
39 58 8
39 59 20
40 0 40
40 1 53
40 2 29
40 3 55
40 4 16
40 5 44
40 6 31
40 7 59
40 8 20
40 9 46
40 10 22
40 11 35
40 12 49
40 13 25
40 14 38
40 15 42
40 16 56
40 17 5
40 18 57
40 19 7
40 20 32
40 21 33
40 22 47
40 23 11
40 24 36
40 25 50
40 26 14
40 27 51
40 28 1
40 29 41
40 30 18
40 31 58
40 32 8
40 33 45
40 34 9
40 35 23
40 36 48
40 37 12
40 38 26
40 39 27
40 40 52
40 41 2
40 42 54
40 43 3
40 44 17
40 45 21
40 46 34
40 47 10
40 48 24
40 49 37
40 50 13
40 51 39
40 52 0
40 53 28
40 54 15
40 55 43
40 56 4
40 57 30
40 58 6
40 59 19
41 0 41
41 1 52
41 2 28
41 3 56
41 4 17
41 5 43
41 6 32
41 7 58
41 8 19
41 9 47
41 10 23
41 11 34
41 12 50
41 13 26
41 14 37
41 15 44
41 16 54
41 17 4
41 18 59
41 19 8
41 20 30
41 21 35
41 22 45
41 23 10
41 24 38
41 25 48
41 26 13
41 27 53
41 28 2
41 29 39
41 30 20
41 31 57
41 32 6
41 33 46
41 34 11
41 35 21
41 36 49
41 37 14
41 38 24
41 39 29
41 40 51
41 41 0
41 42 55
41 43 5
41 44 15
41 45 22
41 46 33
41 47 9
41 48 25
41 49 36
41 50 12
41 51 40
41 52 1
41 53 27
41 54 16
41 55 42
41 56 3
41 57 31
41 58 7
41 59 18
42 0 42
42 1 57
42 2 33
42 3 51
42 4 18
42 5 45
42 6 27
42 7 54
42 8 21
42 9 39
42 10 15
42 11 30
42 12 55
42 13 31
42 14 46
42 15 36
42 16 58
42 17 9
42 18 48
42 19 3
42 20 34
42 21 24
42 22 43
42 23 6
42 24 40
42 25 59
42 26 22
42 27 49
42 28 7
42 29 47
42 30 12
42 31 52
42 32 10
42 33 37
42 34 0
42 35 19
42 36 53
42 37 16
42 38 35
42 39 25
42 40 56
42 41 11
42 42 50
42 43 1
42 44 23
42 45 13
42 46 28
42 47 4
42 48 29
42 49 44
42 50 20
42 51 38
42 52 5
42 53 32
42 54 14
42 55 41
42 56 8
42 57 26
42 58 2
42 59 17
43 0 43
43 1 58
43 2 34
43 3 52
43 4 19
43 5 47
43 6 28
43 7 56
43 8 23
43 9 41
43 10 17
43 11 32
43 12 54
43 13 30
43 14 45
43 15 37
43 16 59
43 17 10
43 18 50
43 19 4
43 20 35
43 21 26
43 22 44
43 23 8
43 24 39
43 25 57
43 26 21
43 27 48
43 28 6
43 29 46
43 30 13
43 31 53
43 32 11
43 33 38
43 34 2
43 35 20
43 36 51
43 37 15
43 38 33
43 39 24
43 40 55
43 41 9
43 42 49
43 43 0
43 44 22
43 45 14
43 46 29
43 47 5
43 48 27
43 49 42
43 50 18
43 51 36
43 52 3
43 53 31
43 54 12
43 55 40
43 56 7
43 57 25
43 58 1
43 59 16
44 0 44
44 1 59
44 2 35
44 3 53
44 4 20
44 5 46
44 6 29
44 7 55
44 8 22
44 9 40
44 10 16
44 11 31
44 12 56
44 13 32
44 14 47
44 15 38
44 16 57
44 17 11
44 18 49
44 19 5
44 20 33
44 21 25
44 22 42
44 23 7
44 24 41
44 25 58
44 26 23
44 27 50
44 28 8
44 29 45
44 30 14
44 31 51
44 32 9
44 33 36
44 34 1
44 35 18
44 36 52
44 37 17
44 38 34
44 39 26
44 40 54
44 41 10
44 42 48
44 43 2
44 44 21
44 45 12
44 46 27
44 47 3
44 48 28
44 49 43
44 50 19
44 51 37
44 52 4
44 53 30
44 54 13
44 55 39
44 56 6
44 57 24
44 58 0
44 59 15
45 0 45
45 1 54
45 2 30
45 3 57
45 4 21
45 5 39
45 6 33
45 7 51
45 8 15
45 9 42
45 10 18
45 11 27
45 12 58
45 13 34
45 14 43
45 15 46
45 16 48
45 17 6
45 18 55
45 19 9
45 20 24
45 21 31
45 22 36
45 23 3
45 24 47
45 25 52
45 26 19
45 27 59
45 28 10
45 29 37
45 30 22
45 31 49
45 32 0
45 33 40
45 34 7
45 35 12
45 36 56
45 37 23
45 38 28
45 39 35
45 40 50
45 41 4
45 42 53
45 43 11
45 44 13
45 45 16
45 46 25
45 47 1
45 48 32
45 49 41
45 50 17
45 51 44
45 52 8
45 53 26
45 54 20
45 55 38
45 56 2
45 57 29
45 58 5
45 59 14
46 0 46
46 1 55
46 2 31
46 3 59
46 4 22
46 5 40
46 6 35
46 7 53
46 8 16
46 9 44
46 10 20
46 11 29
46 12 57
46 13 33
46 14 42
46 15 47
46 16 49
46 17 7
46 18 56
46 19 11
46 20 25
46 21 32
46 22 38
46 23 5
46 24 45
46 25 51
46 26 18
46 27 58
46 28 9
46 29 36
46 30 23
46 31 50
46 32 1
46 33 41
46 34 8
46 35 14
46 36 54
46 37 21
46 38 27
46 39 34
46 40 48
46 41 3
46 42 52
46 43 10
46 44 12
46 45 17
46 46 26
46 47 2
46 48 30
46 49 39
46 50 15
46 51 43
46 52 6
46 53 24
46 54 19
46 55 37
46 56 0
46 57 28
46 58 4
46 59 13
47 0 47
47 1 56
47 2 32
47 3 58
47 4 23
47 5 41
47 6 34
47 7 52
47 8 17
47 9 43
47 10 19
47 11 28
47 12 59
47 13 35
47 14 44
47 15 45
47 16 50
47 17 8
47 18 54
47 19 10
47 20 26
47 21 30
47 22 37
47 23 4
47 24 46
47 25 53
47 26 20
47 27 57
47 28 11
47 29 38
47 30 21
47 31 48
47 32 2
47 33 39
47 34 6
47 35 13
47 36 55
47 37 22
47 38 29
47 39 33
47 40 49
47 41 5
47 42 51
47 43 9
47 44 14
47 45 15
47 46 24
47 47 0
47 48 31
47 49 40
47 50 16
47 51 42
47 52 7
47 53 25
47 54 18
47 55 36
47 56 1
47 57 27
47 58 3
47 59 12
48 0 48
48 1 24
48 2 36
48 3 37
48 4 49
48 5 12
48 6 50
48 7 13
48 8 25
48 9 26
48 10 38
48 11 14
48 12 39
48 13 51
48 14 27
48 15 52
48 16 0
48 17 40
48 18 28
48 19 53
48 20 1
48 21 41
48 22 2
48 23 29
48 24 54
48 25 15
48 26 42
48 27 43
48 28 55
48 29 3
48 30 56
48 31 4
48 32 16
48 33 17
48 34 44
48 35 5
48 36 30
48 37 57
48 38 18
48 39 58
48 40 6
48 41 31
48 42 19
48 43 59
48 44 7
48 45 32
48 46 8
48 47 20
48 48 45
48 49 21
48 50 33
48 51 34
48 52 46
48 53 9
48 54 47
48 55 10
48 56 22
48 57 23
48 58 35
48 59 11
49 0 49
49 1 25
49 2 38
49 3 36
49 4 50
49 5 14
49 6 48
49 7 12
49 8 26
49 9 24
49 10 37
49 11 13
49 12 40
49 13 53
49 14 29
49 15 51
49 16 1
49 17 41
49 18 27
49 19 52
49 20 2
49 21 39
49 22 0
49 23 28
49 24 55
49 25 16
49 26 44
49 27 42
49 28 56
49 29 5
49 30 54
49 31 3
49 32 17
49 33 15
49 34 43
49 35 4
49 36 31
49 37 59
49 38 20
49 39 57
49 40 7
49 41 32
49 42 18
49 43 58
49 44 8
49 45 30
49 46 6
49 47 19
49 48 46
49 49 22
49 50 35
49 51 33
49 52 47
49 53 11
49 54 45
49 55 9
49 56 23
49 57 21
49 58 34
49 59 10
50 0 50
50 1 26
50 2 37
50 3 38
50 4 48
50 5 13
50 6 49
50 7 14
50 8 24
50 9 25
50 10 36
50 11 12
50 12 41
50 13 52
50 14 28
50 15 53
50 16 2
50 17 39
50 18 29
50 19 51
50 20 0
50 21 40
50 22 1
50 23 27
50 24 56
50 25 17
50 26 43
50 27 44
50 28 54
50 29 4
50 30 55
50 31 5
50 32 15
50 33 16
50 34 42
50 35 3
50 36 32
50 37 58
50 38 19
50 39 59
50 40 8
50 41 30
50 42 20
50 43 57
50 44 6
50 45 31
50 46 7
50 47 18
50 48 47
50 49 23
50 50 34
50 51 35
50 52 45
50 53 10
50 54 46
50 55 11
50 56 21
50 57 22
50 58 33
50 59 9
51 0 51
51 1 27
51 2 39
51 3 42
51 4 54
51 5 15
51 6 57
51 7 18
51 8 30
51 9 33
51 10 45
51 11 21
51 12 36
51 13 48
51 14 24
51 15 55
51 16 3
51 17 43
51 18 31
51 19 58
51 20 6
51 21 46
51 22 9
51 23 34
51 24 49
51 25 12
51 26 37
51 27 40
51 28 52
51 29 0
51 30 59
51 31 7
51 32 19
51 33 22
51 34 47
51 35 10
51 36 25
51 37 50
51 38 13
51 39 53
51 40 1
51 41 28
51 42 16
51 43 56
51 44 4
51 45 35
51 46 11
51 47 23
51 48 38
51 49 14
51 50 26
51 51 29
51 52 41
51 53 2
51 54 44
51 55 5
51 56 17
51 57 20
51 58 32
51 59 8
52 0 52
52 1 28
52 2 41
52 3 43
52 4 56
52 5 17
52 6 58
52 7 19
52 8 32
52 9 34
52 10 47
52 11 23
52 12 37
52 13 50
52 14 26
52 15 54
52 16 4
52 17 44
52 18 30
52 19 59
52 20 8
52 21 45
52 22 10
52 23 35
52 24 48
52 25 13
52 26 38
52 27 39
52 28 53
52 29 2
52 30 57
52 31 6
52 32 20
52 33 21
52 34 46
52 35 11
52 36 24
52 37 49
52 38 14
52 39 51
52 40 0
52 41 29
52 42 15
52 43 55
52 44 5
52 45 33
52 46 9
52 47 22
52 48 36
52 49 12
52 50 25
52 51 27
52 52 40
52 53 1
52 54 42
52 55 3
52 56 16
52 57 18
52 58 31
52 59 7
53 0 53
53 1 29
53 2 40
53 3 44
53 4 55
53 5 16
53 6 59
53 7 20
53 8 31
53 9 35
53 10 46
53 11 22
53 12 38
53 13 49
53 14 25
53 15 56
53 16 5
53 17 42
53 18 32
53 19 57
53 20 7
53 21 47
53 22 11
53 23 33
53 24 50
53 25 14
53 26 36
53 27 41
53 28 51
53 29 1
53 30 58
53 31 8
53 32 18
53 33 23
53 34 45
53 35 9
53 36 26
53 37 48
53 38 12
53 39 52
53 40 2
53 41 27
53 42 17
53 43 54
53 44 3
53 45 34
53 46 10
53 47 21
53 48 37
53 49 13
53 50 24
53 51 28
53 52 39
53 53 0
53 54 43
53 55 4
53 56 15
53 57 19
53 58 30
53 59 6
54 0 54
54 1 30
54 2 45
54 3 39
54 4 57
54 5 21
54 6 51
54 7 15
54 8 33
54 9 27
54 10 42
54 11 18
54 12 43
54 13 58
54 14 34
54 15 48
54 16 6
54 17 46
54 18 24
54 19 55
54 20 9
54 21 36
54 22 3
54 23 31
54 24 52
54 25 19
54 26 47
54 27 37
54 28 59
54 29 10
54 30 49
54 31 0
54 32 22
54 33 12
54 34 40
54 35 7
54 36 28
54 37 56
54 38 23
54 39 50
54 40 4
54 41 35
54 42 13
54 43 53
54 44 11
54 45 25
54 46 1
54 47 16
54 48 41
54 49 17
54 50 32
54 51 26
54 52 44
54 53 8
54 54 38
54 55 2
54 56 20
54 57 14
54 58 29
54 59 5
55 0 55
55 1 31
55 2 46
55 3 40
55 4 59
55 5 22
55 6 53
55 7 16
55 8 35
55 9 29
55 10 44
55 11 20
55 12 42
55 13 57
55 14 33
55 15 49
55 16 7
55 17 47
55 18 25
55 19 56
55 20 11
55 21 38
55 22 5
55 23 32
55 24 51
55 25 18
55 26 45
55 27 36
55 28 58
55 29 9
55 30 50
55 31 1
55 32 23
55 33 14
55 34 41
55 35 8
55 36 27
55 37 54
55 38 21
55 39 48
55 40 3
55 41 34
55 42 12
55 43 52
55 44 10
55 45 26
55 46 2
55 47 17
55 48 39
55 49 15
55 50 30
55 51 24
55 52 43
55 53 6
55 54 37
55 55 0
55 56 19
55 57 13
55 58 28
55 59 4
56 0 56
56 1 32
56 2 47
56 3 41
56 4 58
56 5 23
56 6 52
56 7 17
56 8 34
56 9 28
56 10 43
56 11 19
56 12 44
56 13 59
56 14 35
56 15 50
56 16 8
56 17 45
56 18 26
56 19 54
56 20 10
56 21 37
56 22 4
56 23 30
56 24 53
56 25 20
56 26 46
56 27 38
56 28 57
56 29 11
56 30 48
56 31 2
56 32 21
56 33 13
56 34 39
56 35 6
56 36 29
56 37 55
56 38 22
56 39 49
56 40 5
56 41 33
56 42 14
56 43 51
56 44 9
56 45 24
56 46 0
56 47 15
56 48 40
56 49 16
56 50 31
56 51 25
56 52 42
56 53 7
56 54 36
56 55 1
56 56 18
56 57 12
56 58 27
56 59 3
57 0 57
57 1 33
57 2 42
57 3 45
57 4 51
57 5 18
57 6 54
57 7 21
57 8 27
57 9 30
57 10 39
57 11 15
57 12 46
57 13 55
57 14 31
57 15 58
57 16 9
57 17 36
57 18 34
57 19 48
57 20 3
57 21 43
57 22 6
57 23 24
57 24 59
57 25 22
57 26 40
57 27 47
57 28 49
57 29 7
57 30 52
57 31 10
57 32 12
57 33 19
57 34 37
57 35 0
57 36 35
57 37 53
57 38 16
57 39 56
57 40 11
57 41 25
57 42 23
57 43 50
57 44 1
57 45 28
57 46 4
57 47 13
57 48 44
57 49 20
57 50 29
57 51 32
57 52 38
57 53 5
57 54 41
57 55 8
57 56 14
57 57 17
57 58 26
57 59 2
58 0 58
58 1 34
58 2 43
58 3 47
58 4 52
58 5 19
58 6 56
58 7 23
58 8 28
58 9 32
58 10 41
58 11 17
58 12 45
58 13 54
58 14 30
58 15 59
58 16 10
58 17 37
58 18 35
58 19 50
58 20 4
58 21 44
58 22 8
58 23 26
58 24 57
58 25 21
58 26 39
58 27 46
58 28 48
58 29 6
58 30 53
58 31 11
58 32 13
58 33 20
58 34 38
58 35 2
58 36 33
58 37 51
58 38 15
58 39 55
58 40 9
58 41 24
58 42 22
58 43 49
58 44 0
58 45 29
58 46 5
58 47 14
58 48 42
58 49 18
58 50 27
58 51 31
58 52 36
58 53 3
58 54 40
58 55 7
58 56 12
58 57 16
58 58 25
58 59 1
59 0 59
59 1 35
59 2 44
59 3 46
59 4 53
59 5 20
59 6 55
59 7 22
59 8 29
59 9 31
59 10 40
59 11 16
59 12 47
59 13 56
59 14 32
59 15 57
59 16 11
59 17 38
59 18 33
59 19 49
59 20 5
59 21 42
59 22 7
59 23 25
59 24 58
59 25 23
59 26 41
59 27 45
59 28 50
59 29 8
59 30 51
59 31 9
59 32 14
59 33 18
59 34 36
59 35 1
59 36 34
59 37 52
59 38 17
59 39 54
59 40 10
59 41 26
59 42 21
59 43 48
59 44 2
59 45 27
59 46 3
59 47 12
59 48 43
59 49 19
59 50 28
59 51 30
59 52 37
59 53 4
59 54 39
59 55 6
59 56 13
59 57 15
59 58 24
59 59 0
0
0 29 15
1 11 32
2 43 14
3 40 46
4 40 6
5 49 21
6 29 20
7 42 41
8 44 17
9 54 18
10 9 28
11 42 32
12 3 25
13 20 51
14 12 3
15 52 40
16 8 12
17 52 6
18 57 2
19 5 13
20 9 36
21 38 47
22 25 40
23 11 53
24 33 56
25 19 55
26 50 27
27 29 1
28 48 42
29 40 11
30 48 51
31 47 57
32 49 9
33 45 11
34 27 14
35 12 12
36 45 57
37 21 41
38 23 46
39 35 8
40 29 8
41 4 54
42 55 12
43 41 44
44 46 10
45 12 50
46 6 49
47 37 4
48 16 38
49 49 23
50 27 5
51 22 46
52 7 7
53 57 21
54 45 59
55 16 50
56 38 43
57 40 17
58 22 42
59 0 30
60 34 26
61 18 16
62 4 55
63 2 46
64 26 49
65 3 47
66 39 55
67 51 54
68 11 58
69 12 36
70 16 3
71 47 20
72 3 9
73 32 11
74 38 29
75 4 43
76 40 47
77 26 43
78 22 10
79 48 2
80 17 52
81 13 58
82 19 46
83 57 57
84 22 52
85 4 56
86 38 38
87 54 8
88 10 41
89 11 40
90 15 42
91 26 45
92 14 39
93 44 22
94 35 53
95 0 41
96 1 36
97 34 55
98 58 21
99 14 56
100 17 21
101 15 23
102 32 25
103 56 55
104 43 0
105 8 22
106 11 11
107 32 5
108 51 21
109 46 55
110 17 59
111 17 20
112 0 22
113 6 12
114 44 8
115 23 35
116 7 58
117 26 42
118 58 7
119 57 11
120 17 13
121 25 30
122 25 9
123 32 40
124 7 38
125 51 13
126 13 44
127 47 49
128 48 45
129 38 14
130 44 52
131 11 45
132 44 9
133 32 47
134 46 9
135 37 45
136 49 40
137 50 58
138 34 42
139 32 43
140 23 45
141 55 11
142 34 32
143 17 12
144 27 48
145 33 15
146 51 54
147 8 33
148 52 15
149 42 36
150 24 21
151 50 21
152 39 20
153 4 49
154 18 40
155 59 17
156 54 14
157 53 50
158 15 16
159 6 29
160 6 0
161 52 11
162 31 46
163 22 36
164 40 0
165 21 44
166 28 48
167 38 9
168 22 36
169 44 39
170 58 3
171 41 20
172 24 33
173 56 0
174 12 2
175 31 11
176 26 18
177 50 48
178 33 36
179 13 36
180 54 22
181 50 58
182 40 55
183 8 52
184 57 41
185 0 36
186 23 58
187 0 36
188 8 20
189 45 51
190 9 49
191 43 59
192 46 30
193 12 9
194 31 18
195 49 0
196 43 45
197 33 28
198 25 3
199 42 23
200 4 45
201 20 20
202 10 17
203 12 17
204 56 14
205 9 10
206 37 36
207 1 7
208 22 43
209 42 21
210 41 34
211 15 37
212 8 49
213 7 6
214 27 57
215 21 15
216 1 27
217 50 36
218 53 56
219 25 49
220 1 15
221 46 11
222 23 36
223 57 41
224 51 10
225 24 49
226 54 50
227 29 17
228 30 50
229 57 54
230 9 42
231 39 6
232 1 2
233 28 56
234 59 50
235 6 8
236 39 23
237 40 40
238 41 46
239 14 11
240 59 35
241 19 13
242 39 8
243 7 18
244 3 6
245 6 52
246 35 11
247 7 12
248 8 3
249 38 1
250 51 32
251 55 27
252 53 13
253 40 6
254 38 40
255 52 26
256 17 27
257 36 16
258 13 53
259 24 8
260 59 48
261 17 56
262 51 48
263 53 48
264 2 9
265 39 59
266 18 3
267 40 42
268 0 8
269 7 18
270 2 6
271 7 53
272 12 18
273 38 33
274 56 50
275 30 13
276 45 46
277 17 56
278 57 52
279 0 31
280 38 3
281 52 59
282 23 0
283 49 15
284 55 26
285 35 18
286 38 16
287 38 15
288 25 12
289 1 42
290 31 14
291 54 16
292 16 17
293 12 2
294 19 17
295 27 41
296 40 15
297 31 19
298 16 50
299 15 31
300 45 18
301 57 28
302 7 43
303 8 46
304 3 33
305 0 37
306 39 27
307 13 51
308 27 10
309 31 11
310 9 51
311 46 7
312 25 10
313 54 57
314 23 38
315 45 51
316 26 28
317 5 34
318 39 38
319 21 7
320 19 48
321 29 16
322 26 36
323 18 34
324 39 20
325 6 17
326 51 14
327 22 47
328 34 36
329 38 58
330 37 9
331 25 13
332 19 51
333 14 0
334 40 36
335 15 3
336 36 52
337 42 29
338 54 59
339 7 34
340 28 25
341 18 39
342 31 12
343 9 44
344 25 28
345 14 22
346 15 56
347 7 5
348 57 33
349 16 52
350 21 17
351 21 41
352 23 27
353 0 44
354 31 34
355 19 22
356 7 37
357 5 13
358 40 18
359 47 48
360 28 9
361 12 35
362 44 31
363 50 47
364 22 18
365 46 45
366 39 45
367 37 40
368 3 32
369 27 10
370 36 38
371 49 47
372 43 49
373 8 12
374 28 3
375 19 59
376 28 40
377 39 5
378 15 28
379 28 51
380 25 52
381 38 9
382 30 54
383 5 40
384 26 1
385 54 46
386 39 29
387 53 0
388 54 0
389 20 46
390 27 39
391 13 33
392 54 19
393 49 23
394 41 44
395 53 30
396 29 16
397 57 29
398 33 12
399 56 40
400 35 37
401 40 42
402 31 55
403 51 20
404 8 9
405 7 33
406 43 13
407 15 32
408 1 11
409 41 9
410 9 6
411 52 44
412 9 26
413 43 6
414 29 10
415 53 34
416 38 34
417 4 58
418 12 56
419 33 30
420 18 47
421 22 38
422 57 18
423 21 30
424 56 26
425 25 9
426 47 23
427 11 38
428 50 40
429 36 36
430 19 48
431 5 42
432 50 27
433 32 16
434 23 46
435 31 16
436 21 6
437 57 35
438 15 41
439 25 3
440 55 35
441 26 12
442 20 18
443 26 8
444 40 4
445 48 34
446 52 28
447 18 47
448 56 56
449 30 17
450 4 31
451 26 12
452 4 17
453 22 17
454 17 41
455 13 19
456 33 48
457 18 41
458 0 30
459 0 31
460 48 53
461 4 38
462 32 10
463 13 9
464 44 56
465 13 51
466 43 8
467 33 28
468 11 13
469 4 38
470 7 35
471 47 24
472 14 52
473 16 19
474 53 4
475 30 6
476 7 47
477 41 34
478 46 40
479 28 27
480 15 6
481 36 24
482 28 7
483 16 17
484 33 21
485 39 54
486 13 40
487 45 58
488 0 21
489 33 9
490 7 4
491 58 4
492 5 9
493 45 20
494 15 20
495 51 28
496 56 45
497 30 7
498 54 42
499 10 7
500 7 23
501 1 33
502 49 9
503 40 7
504 43 25
505 4 6
506 22 14
507 47 28
508 6 6
509 45 52
510 20 23
511 20 42
512 20 11
513 9 16
514 38 32
515 44 27
516 8 12
517 46 11
518 32 44
519 13 32
520 49 55
521 10 51
522 26 52
523 29 32
524 41 8
525 58 15
526 4 33
527 34 11
528 37 33
529 7 50
530 9 38
531 58 1
532 33 50
533 27 10
534 43 37
535 38 34
536 59 38
537 46 1
538 14 20
539 51 23
540 56 36
541 20 16
542 58 9
543 10 40
544 42 50
545 51 28
546 20 39
547 50 3
548 11 52
549 16 28
550 51 50
551 52 33
552 37 17
553 5 59
554 53 32
555 59 53
556 11 10
557 2 22
558 12 6
559 26 43
560 34 30
561 58 57
562 24 32
563 52 12
564 43 50
565 12 31
566 17 5
567 7 15
568 14 33
569 54 28
570 20 44
571 10 47
572 58 11
573 6 20
574 2 40
575 55 58
576 9 34
577 56 13
578 18 54
579 4 29
580 45 20
581 19 10
582 58 25
583 15 16
584 4 56
585 51 53
586 46 43
587 58 27
588 55 8
589 32 19
590 56 53
591 18 13
592 42 0
593 27 14
594 21 30
595 32 41
596 11 53
597 47 48
598 50 13
599 10 58
600 0 36
601 25 53
602 38 11
603 6 44
604 56 17
605 53 25
606 12 27
607 27 54
608 57 26
609 33 33
610 55 19
611 37 53
612 16 5
613 34 28
614 28 10
615 59 19
616 19 56
617 40 3
618 58 32
619 37 20
620 51 31
621 59 48
622 6 53
623 57 36
624 26 1
625 57 48
626 44 20
627 31 54
628 48 7
629 51 24
630 22 38
631 57 37
632 40 31
633 42 19
634 7 25
635 46 49
636 23 57
637 4 26
638 38 47
639 45 53
640 28 35
641 21 57
642 13 34
643 38 54
644 51 59
645 53 38
646 12 53
647 56 54
648 38 6
649 43 33
650 41 56
651 9 38
652 6 49
653 36 1
654 47 15
655 49 28
656 12 47
657 21 40
658 11 18
659 55 59
660 19 56
661 12 12
662 16 22
663 21 34
664 40 12
665 58 39
666 16 54
667 58 36
668 20 23
669 17 19
670 36 28
671 25 24
672 13 29
673 31 25
674 58 23
675 55 49
676 25 21
677 21 16
678 57 3
679 15 30
680 28 18
681 52 37
682 43 9
683 50 36
684 19 25
685 23 40
686 6 5
687 53 2
688 3 31
689 52 18
690 6 19
691 32 59
692 8 30
693 49 46
694 51 28
695 30 56
696 19 20
697 6 57
698 50 47
699 16 28
700 10 8
701 58 47
702 18 57
703 16 26
704 34 50
705 22 8
706 3 10
707 40 15
708 1 38
709 6 40
710 57 24
711 41 56
712 34 19
713 15 58
714 6 19
715 17 26
716 47 20
717 41 23
718 13 3
719 26 36
720 42 9
721 3 13
722 33 1
723 46 49
724 14 50
725 42 38
726 40 11
727 29 19
728 24 23
729 23 13
730 13 28
731 37 49
732 42 57
733 11 8
734 51 4
735 45 18
736 15 45
737 40 24
738 8 3
739 17 15
740 34 47
741 8 4
742 27 22
743 53 23
744 39 51
745 20 52
746 46 25
747 32 31
748 55 41
749 5 45
750 29 9
751 19 2
752 48 16
753 26 0
754 7 55
755 33 10
756 0 5
757 20 58
758 28 37
759 44 8
760 50 18
761 57 26
762 28 6
763 24 4
764 55 45
765 46 2
766 12 19
767 13 6
768 52 31
769 27 50
770 21 32
771 42 35
772 15 6
773 55 46
774 29 45
775 3 47
776 15 41
777 47 15
778 16 50
779 8 44
780 41 6
781 46 4
782 22 49
783 43 38
784 28 6
785 7 9
786 26 24
787 50 23
788 9 15
789 11 58
790 32 51
791 57 24
792 30 24
793 6 30
794 36 1
795 24 23
796 7 24
797 30 51
798 43 35
799 7 42
800 47 20
801 9 6
802 51 13
803 23 44
804 50 23
805 14 13
806 17 33
807 56 15
808 8 59
809 40 40
810 51 2
811 7 34
812 22 25
813 11 50
814 52 27
815 26 13
816 47 40
817 59 26
818 48 54
819 19 54
820 0 23
821 40 31
822 28 26
823 40 54
824 42 1
825 45 55
826 53 27
827 3 39
828 26 40
829 6 29
830 15 22
831 12 2
832 18 22
833 48 14
834 33 58
835 50 20
836 56 29
837 9 57
838 28 39
839 56 5
840 17 32
841 35 16
842 1 15
843 27 41
844 52 33
845 49 36
846 12 2
847 34 10
848 21 50
849 53 26
850 4 46
851 21 18
852 31 0
853 32 51
854 38 26
855 41 51
856 59 4
857 8 22
858 1 42
859 4 0
860 23 46
861 31 21
862 52 26
863 11 33
864 57 10
865 22 19
866 7 11
867 20 27
868 39 47
869 6 29
870 37 34
871 28 58
872 6 41
873 8 0
874 10 44
875 25 57
876 21 22
877 47 10
878 8 26
879 5 53
880 3 33
881 0 9
882 52 7
883 31 42
884 59 51
885 55 59
886 32 44
887 52 56
888 55 9
889 52 30
890 46 33
891 2 43
892 16 6
893 15 21
894 40 19
895 59 58
896 6 45
897 5 49
898 28 3
899 51 41
900 39 48
901 48 6
902 11 11
903 55 32
904 31 48
905 53 53
906 4 19
907 2 29
908 25 15
909 49 31
910 50 4
911 3 4
912 20 59
913 37 4
914 6 13
915 17 15
916 46 9
917 5 16
918 27 1
919 24 51
920 17 47
921 49 34
922 38 41
923 31 52
924 26 45
925 45 52
926 12 4
927 54 30
928 41 17
929 10 33
930 1 6
931 43 25
932 43 59
933 39 31
934 53 15
935 54 35
936 18 54
937 58 40
938 24 35
939 19 53
940 41 19
941 7 23
942 27 44
943 51 47
944 26 7
945 57 23
946 52 29
947 47 17
948 9 39
949 3 8
950 16 38
951 33 53
952 55 26
953 46 17
954 45 16
955 14 36
956 16 25
957 51 22
958 58 0
959 56 55
960 27 44
961 30 1
962 7 5
963 12 47
964 45 37
965 44 58
966 39 21
967 36 35
968 12 28
969 44 10
970 38 15
971 26 49
972 40 41
973 52 51
974 49 55
975 34 34
976 1 10
977 1 23
978 51 0
979 8 46
980 9 11
981 32 28
982 15 27
983 38 26
984 5 15
985 21 31
986 31 43
987 12 30
988 3 1
989 15 19
990 3 50
991 16 8
992 12 3
993 37 41
994 56 55
995 57 13
996 52 40
997 56 2
998 33 44
999 30 33
1000 30 36
1001 46 55
1002 19 42
1003 17 54
1004 20 16
1005 20 7
1006 7 30
1007 25 25
1008 34 7
1009 58 56
1010 24 23
1011 32 5
1012 5 4
1013 15 1
1014 24 6
1015 3 59
1016 54 16
1017 4 12
1018 26 5
1019 49 6
1020 17 23
1021 1 33
1022 20 20
1023 25 54
1024 14 50
1025 3 34
1026 34 10
1027 19 20
1028 22 20
1029 42 17
1030 37 56
1031 22 57
1032 21 56
1033 6 32
1034 24 16
1035 8 45
1036 46 44
1037 23 4
1038 34 52
1039 32 23
1040 39 30
1041 56 5
1042 21 37
1043 24 42
1044 11 46
1045 43 57
1046 36 33
1047 31 54
1048 38 54
1049 37 0
1050 3 5
1051 48 20
1052 6 11
1053 40 54
1054 52 44
1055 8 20
1056 54 13
1057 15 6
1058 16 11
1059 25 21
1060 22 18
1061 56 57
1062 3 47
1063 1 37
1064 55 52
1065 25 17
1066 51 44
1067 27 59
1068 48 54
1069 41 5
1070 33 18
1071 4 51
1072 43 29
1073 2 21
1074 58 58
1075 50 48
1076 51 8
1077 21 29
1078 13 6
1079 5 25
1080 12 17
1081 5 50
1082 54 25
1083 32 15
1084 33 53
1085 59 44
1086 21 50
1087 49 22
1088 3 13
1089 15 13
1090 56 15
1091 32 24
1092 12 9
1093 23 13
1094 21 50
1095 28 49
1096 34 24
1097 58 22
1098 4 23
1099 4 32
1100 20 44
1101 50 34
1102 45 35
1103 47 55
1104 13 53
1105 29 22
1106 41 4
1107 40 7
1108 55 3
1109 54 16
1110 18 57
1111 12 39
1112 50 20
1113 50 46
1114 33 49
1115 44 22
1116 6 39
1117 43 51
1118 56 5
1119 3 53
1120 35 49
1121 47 10
1122 54 55
1123 14 13
1124 34 7
1125 56 31
1126 15 34
1127 5 48
1128 24 2
1129 30 7
1130 8 55
1131 6 55
1132 40 35
1133 22 12
1134 4 47
1135 5 14
1136 57 57
1137 22 35
1138 23 27
1139 41 40
1140 0 37
1141 52 20
1142 31 59
1143 13 8
1144 44 7
1145 12 35
1146 18 35
1147 16 22
1148 29 42
1149 24 29
1150 58 19
1151 24 22
1152 21 17
1153 31 49
1154 19 38
1155 38 28
1156 38 55
1157 22 25
1158 44 3
1159 21 54
1160 18 33
1161 28 54
1162 16 59
1163 59 27
1164 48 43
1165 27 29
1166 31 32
1167 49 6
1168 19 14
1169 33 7
1170 50 49
1171 51 33
1172 55 27
1173 2 33
1174 45 21
1175 26 28
1176 54 15
1177 23 58
1178 59 56
1179 43 40
1180 26 56
1181 22 55
1182 59 56
1183 4 44
1184 20 15
1185 30 58
1186 11 24
1187 35 44
1188 58 17
1189 27 37
1190 14 6
1191 58 39
1192 36 18
1193 47 6
1194 56 30
1195 37 33
1196 56 2
1197 59 28
1198 12 3
1199 37 25
1200 24 58
1201 47 46
1202 57 57
1203 3 18
1204 52 3
1205 29 15
1206 16 51
1207 42 44
1208 33 55
1209 1 0
1210 36 19
1211 53 59
1212 24 57
1213 12 48
1214 10 20
1215 5 22
1216 11 9
1217 19 27
1218 25 2
1219 39 56
1220 17 16
1221 10 13
1222 8 4
1223 38 50
1224 3 26
1225 13 21
1226 0 36
1227 24 36
1228 17 15
1229 13 19
1230 23 55
1231 34 55
1232 54 10
1233 10 37
1234 4 24
1235 42 6
1236 6 3
1237 19 14
1238 29 5
1239 9 12
1240 5 22
1241 47 29
1242 50 10
1243 23 40
1244 18 18
1245 32 31
1246 51 42
1247 11 45
1248 41 50
1249 36 26
1250 26 59
1251 6 13
1252 32 28
1253 26 11
1254 56 20
1255 38 55
1256 17 56
1257 4 43
1258 11 58
1259 25 42
1260 8 38
1261 39 25
1262 37 49
1263 19 9
1264 50 27
1265 52 18
1266 42 47
1267 54 17
1268 19 14
1269 28 3
1270 6 36
1271 24 52
1272 12 2
1273 27 9
1274 36 53
1275 30 40
1276 42 43
1277 0 52
1278 54 58
1279 3 25
1280 57 51
1281 2 1
1282 6 30
1283 51 57
1284 31 48
1285 20 40
1286 34 40
1287 58 15
1288 47 59
1289 47 53
1290 19 36
1291 34 12
1292 23 43
1293 8 44
1294 41 4
1295 29 21
1296 20 21
1297 42 20
1298 13 11
1299 36 9
1300 10 12
1301 52 11
1302 51 55
1303 40 30
1304 54 25
1305 20 5
1306 31 23
1307 2 40
1308 41 54
1309 43 28
1310 12 11
1311 1 23
1312 48 11
1313 12 31
1314 1 43
1315 52 11
1316 12 49
1317 45 19
1318 4 25
1319 7 55
1320 7 13
1321 46 57
1322 10 21
1323 15 10
1324 6 26
1325 41 2
1326 27 4
1327 34 23
1328 8 46
1329 39 35
1330 32 20
1331 43 18
1332 34 42
1333 52 52
1334 7 55
1335 10 22
1336 44 27
1337 14 29
1338 20 53
1339 55 7
1340 19 52
1341 0 12
1342 45 9
1343 14 12
1344 2 38
1345 20 8
1346 46 16
1347 32 38
1348 43 42
1349 38 8
1350 24 37
1351 57 13
1352 56 51
1353 17 19
1354 27 11
1355 44 31
1356 23 29
1357 16 22
1358 37 4
1359 21 45
1360 22 18
1361 33 17
1362 38 0
1363 19 38
1364 53 21
1365 14 0
1366 53 22
1367 51 20
1368 44 56
1369 2 3
1370 54 45
1371 47 43
1372 34 11
1373 51 3
1374 59 14
1375 43 38
1376 24 9
1377 29 50
1378 7 20
1379 40 25
1380 44 20
1381 9 50
1382 47 12
1383 6 35
1384 34 6
1385 23 25
1386 34 54
1387 56 13
1388 9 1
1389 27 57
1390 15 3
1391 28 34
1392 30 58
1393 20 44
1394 58 5
1395 38 48
1396 49 26
1397 21 43
1398 39 40
1399 17 6
1400 32 8
1401 57 32
1402 38 53
1403 25 26
1404 3 35
1405 33 34
1406 6 17
1407 38 41
1408 3 11
1409 43 9
1410 6 23
1411 45 0
1412 39 11
1413 7 25
1414 11 41
1415 42 34
1416 53 28
1417 4 40
1418 45 14
1419 49 8
1420 31 17
1421 9 4
1422 1 6
1423 32 3
1424 16 33
1425 42 10
1426 0 49
1427 56 34
1428 44 57
1429 26 40
1430 7 16
1431 4 2
1432 36 12
1433 55 36
1434 58 3
1435 31 3
1436 42 53
1437 54 17
1438 31 15
1439 10 22
1440 20 38
1441 19 1
1442 37 14
1443 41 25
1444 7 34
1445 2 17
1446 4 30
1447 37 4
1448 41 46
1449 35 32
1450 59 35
1451 30 58
1452 39 42
1453 44 25
1454 27 23
1455 43 15
1456 57 12
1457 34 58
1458 12 37
1459 39 14
1460 55 47
1461 31 6
1462 6 18
1463 47 2
1464 24 53
1465 16 9
1466 38 27
1467 47 23
1468 48 55
1469 6 11
1470 50 44
1471 39 19
1472 51 44
1473 22 58
1474 5 1
1475 54 25
1476 16 4
1477 54 26
1478 47 54
1479 33 7
1480 2 35
1481 45 32
1482 36 28
1483 44 47
1484 44 57
1485 16 17
1486 22 51
1487 11 56
1488 15 28
1489 46 19
1490 39 20
1491 59 33
1492 49 58
1493 48 57
1494 19 36
1495 29 45
1496 58 44
1497 22 29
1498 32 59
1499 30 46
1500 49 17
1501 49 32
1502 38 39
1503 15 36
1504 45 9
1505 41 56
1506 19 59
1507 58 46
1508 6 49
1509 18 24
1510 0 34
1511 35 15
1512 13 51
1513 39 50
1514 48 26
1515 19 29
1516 1 50
1517 21 58
1518 39 41
1519 47 56
1520 57 38
1521 48 39
1522 17 28
1523 55 35
1524 19 49
1525 24 54
1526 38 31
1527 35 10
1528 43 33
1529 15 1
1530 13 35
1531 59 8
1532 11 55
1533 47 12
1534 43 56
1535 45 47
1536 53 22
1537 49 5
1538 41 32
1539 27 58
1540 41 13
1541 11 5
1542 44 40
1543 46 36
1544 46 52
1545 31 55
1546 20 26
1547 21 42
1548 15 0
1549 11 49
1550 16 33
1551 30 25
1552 8 12
1553 47 59
1554 2 33
1555 38 54
1556 33 56
1557 27 38
1558 14 48
1559 55 17
1560 36 43
1561 19 28
1562 55 33
1563 47 15
1564 33 25
1565 43 56
1566 23 29
1567 48 8
1568 55 24
1569 51 6
1570 58 35
1571 1 40
1572 33 37
1573 27 7
1574 27 15
1575 42 8
1576 41 51
1577 2 58
1578 1 11
1579 52 12
1580 14 20
1581 40 20
1582 37 31
1583 54 8
1584 52 55
1585 24 8
1586 14 13
1587 53 52
1588 39 3
1589 5 58
1590 12 56
1591 35 49
1592 31 5
1593 25 46
1594 15 44
1595 50 56
1596 43 1
1597 2 36
1598 49 33
1599 58 36
1600 14 30
1601 28 43
1602 9 12
1603 51 7
1604 47 39
1605 12 28
1606 1 14
1607 28 23
1608 30 56
1609 11 48
1610 49 12
1611 19 26
1612 13 37
1613 15 25
1614 38 29
1615 18 32
1616 30 31
1617 18 36
1618 15 12
1619 55 51
1620 0 31
1621 33 15
1622 5 38
1623 12 25
1624 43 29
1625 42 7
1626 16 38
1627 33 23
1628 46 40
1629 42 17
1630 9 49
1631 32 42
1632 45 58
1633 0 9
1634 35 17
1635 28 55
1636 24 5
1637 3 29
1638 4 25
1639 8 19
1640 55 37
1641 33 26
1642 15 31
1643 18 26
1644 5 56
1645 29 48
1646 38 13
1647 46 34
1648 32 15
1649 14 9
1650 56 12
1651 54 53
1652 8 27
1653 38 36
1654 47 10
1655 42 28
1656 38 1
1657 20 46
1658 29 57
1659 38 8
1660 18 4
1661 46 49
1662 2 29
1663 46 34
1664 25 37
1665 6 54
1666 59 30
1667 52 57
1668 17 45
1669 40 46
1670 6 55
1671 21 20
1672 51 2
1673 15 38
1674 23 16
1675 37 5
1676 35 54
1677 30 41
1678 40 27
1679 13 28
1680 51 51
1681 32 8
1682 38 50
1683 41 22
1684 38 28
1685 28 23
1686 31 18
1687 29 9
1688 18 54
1689 48 12
1690 48 43
1691 26 0
1692 39 43
1693 35 13
1694 27 32
1695 38 28
1696 59 10
1697 10 44
1698 4 21
1699 15 11
1700 32 13
1701 2 23
1702 25 39
1703 24 11
1704 48 14
1705 39 12
1706 34 27
1707 11 31
1708 27 27
1709 8 16
1710 4 34
1711 38 22
1712 10 20
1713 4 25
1714 26 59
1715 51 43
1716 21 9
1717 55 49
1718 32 6
1719 8 48
1720 29 27
1721 24 32
1722 43 11
1723 53 14
1724 29 28
1725 23 14
1726 45 7
1727 49 13
1728 18 1
1729 39 47
1730 27 47
1731 48 37
1732 57 18
1733 45 40
1734 4 59
1735 36 24
1736 23 47
1737 30 11
1738 40 41
1739 44 2
1740 46 2
1741 10 17
1742 42 26
1743 30 15
1744 25 51
1745 50 39
1746 35 30
1747 14 46
1748 4 22
1749 32 19
1750 30 45
1751 36 30
1752 2 34
1753 34 29
1754 50 21
1755 3 37
1756 12 14
1757 17 6
1758 10 41
1759 15 24
1760 12 18
1761 14 21
1762 59 2
1763 36 21
1764 43 47
1765 42 19
1766 0 27
1767 58 37
1768 11 56
1769 28 49
1770 37 12
1771 25 30
1772 13 47
1773 14 31
1774 36 5
1775 37 32
1776 57 10
1777 11 35
1778 40 16
1779 59 44
1780 18 56
1781 50 24
1782 16 2
1783 2 10
1784 6 5
1785 52 55
1786 38 42
1787 47 5
1788 18 35
1789 55 17
1790 5 51
1791 30 36
1792 15 35
1793 44 43
1794 46 7
1795 20 1
1796 27 22
1797 17 30
1798 37 46
1799 38 54
1800 56 25
1801 34 3
1802 5 50
1803 1 38
1804 34 5
1805 20 58
1806 36 4
1807 15 15
1808 3 25
1809 13 23
1810 29 52
1811 41 1
1812 42 18
1813 9 56
1814 44 22
1815 0 36
1816 32 22
1817 28 15
1818 14 23
1819 27 53
1820 12 55
1821 42 10
1822 24 34
1823 16 55
1824 15 49
1825 44 32
1826 41 53
1827 31 13
1828 19 53
1829 8 56
1830 34 34
1831 37 37
1832 15 51
1833 40 37
1834 4 9
1835 48 0
1836 2 52
1837 3 34
1838 32 55
1839 5 56
1840 10 29
1841 50 52
1842 57 40
1843 6 17
1844 10 39
1845 35 26
1846 38 24
1847 57 19
1848 41 19
1849 20 8
1850 31 41
1851 55 28
1852 55 6
1853 4 24
1854 18 4
1855 46 21
1856 25 23
1857 59 11
1858 25 1
1859 7 53
1860 16 46
1861 28 6
1862 49 54
1863 5 4
1864 18 14
1865 0 42
1866 20 24
1867 27 2
1868 41 10
1869 57 20
1870 47 16
1871 54 31
1872 6 18
1873 36 11
1874 22 31
1875 6 12
1876 34 58
1877 51 8
1878 37 9
1879 12 10
1880 13 55
1881 15 33
1882 49 13
1883 16 38
1884 6 32
1885 30 36
1886 24 23
1887 37 8
1888 14 57
1889 41 8
1890 56 42
1891 56 38
1892 4 13
1893 29 54
1894 43 15
1895 54 14
1896 26 55
1897 7 57
1898 1 53
1899 30 5
1900 48 7
1901 8 12
1902 1 40
1903 51 19
1904 37 30
1905 46 52
1906 12 41
1907 24 39
1908 59 8
1909 8 2
1910 57 48
1911 13 53
1912 54 30
1913 8 45
1914 39 40
1915 49 22
1916 26 21
1917 17 26
1918 50 44
1919 12 49
1920 19 22
1921 40 55
1922 40 48
1923 50 15
1924 42 40
1925 39 21
1926 2 2
1927 24 11
1928 38 54
1929 17 54
1930 16 39
1931 6 38
1932 14 32
1933 10 46
1934 32 3
1935 25 9
1936 54 27
1937 4 28
1938 5 7
1939 15 33
1940 39 51
1941 25 0
1942 40 49
1943 34 2
1944 21 52
1945 39 39
1946 57 41
1947 25 31
1948 12 47
1949 27 57
1950 2 56
1951 12 1
1952 36 32
1953 11 50
1954 29 10
1955 46 40
1956 59 29
1957 9 16
1958 38 6
1959 0 40
1960 30 28
1961 58 35
1962 44 3
1963 28 19
1964 58 48
1965 17 45
1966 11 1
1967 9 49
1968 20 25
1969 54 59
1970 6 10
1971 33 57
1972 3 58
1973 28 10
1974 44 5
1975 6 10
1976 5 8
1977 18 19
1978 40 50
1979 8 32
1980 22 58
1981 53 44
1982 52 38
1983 13 29
1984 55 58
1985 25 21
1986 20 19
1987 37 58
1988 3 11
1989 16 55
1990 20 0
1991 8 46
1992 15 56
1993 2 49
1994 2 23
1995 12 8
1996 8 0
1997 8 45
1998 52 8
1999 3 56
2000 21 21
2001 31 17
2002 25 51
2003 10 59
2004 13 4
2005 59 16
2006 29 38
2007 40 38
2008 12 51
2009 24 1
2010 33 19
2011 17 29
2012 52 11
2013 2 29
2014 29 47
2015 14 32
2016 48 15
2017 9 4
2018 41 43
2019 2 38
2020 28 16
2021 20 46
2022 29 39
2023 45 49
2024 24 50
2025 15 22
2026 2 40
2027 22 5
2028 3 44
2029 38 57
2030 2 17
2031 51 33
2032 7 10
2033 23 5
2034 12 33
2035 7 25
2036 34 33
2037 32 10
2038 8 42
2039 5 9
2040 13 54
2041 19 13
2042 47 23
2043 0 23
2044 37 57
2045 56 42
2046 2 50
2047 48 52
