4096
4096
60
1
0 0 0
0 1 1
0 2 2
0 3 3
0 4 4
0 5 5
0 6 6
0 7 7
0 8 8
0 9 9
0 10 10
0 11 11
0 12 12
0 13 13
0 14 14
0 15 15
0 16 16
0 17 17
0 18 18
0 19 19
0 20 20
0 21 21
0 22 22
0 23 23
0 24 24
0 25 25
0 26 26
0 27 27
0 28 28
0 29 29
0 30 30
0 31 31
0 32 32
0 33 33
0 34 34
0 35 35
0 36 36
0 37 37
0 38 38
0 39 39
0 40 40
0 41 41
0 42 42
0 43 43
0 44 44
0 45 45
0 46 46
0 47 47
0 48 48
0 49 49
0 50 50
0 51 51
0 52 52
0 53 53
0 54 54
0 55 55
0 56 56
0 57 57
0 58 58
0 59 59
1 0 1
1 1 2
1 2 0
1 3 5
1 4 3
1 5 4
1 6 7
1 7 8
1 8 6
1 9 11
1 10 9
1 11 10
1 12 14
1 13 12
1 14 13
1 15 16
1 16 17
1 17 15
1 18 20
1 19 18
1 20 19
1 21 22
1 22 23
1 23 21
1 24 25
1 25 26
1 26 24
1 27 29
1 28 27
1 29 28
1 30 31
1 31 32
1 32 30
1 33 35
1 34 33
1 35 34
1 36 38
1 37 36
1 38 37
1 39 40
1 40 41
1 41 39
1 42 44
1 43 42
1 44 43
1 45 46
1 46 47
1 47 45
1 48 49
1 49 50
1 50 48
1 51 53
1 52 51
1 53 52
1 54 55
1 55 56
1 56 54
1 57 59
1 58 57
1 59 58
2 0 2
2 1 0
2 2 1
2 3 4
2 4 5
2 5 3
2 6 8
2 7 6
2 8 7
2 9 10
2 10 11
2 11 9
2 12 13
2 13 14
2 14 12
2 15 17
2 16 15
2 17 16
2 18 19
2 19 20
2 20 18
2 21 23
2 22 21
2 23 22
2 24 26
2 25 24
2 26 25
2 27 28
2 28 29
2 29 27
2 30 32
2 31 30
2 32 31
2 33 34
2 34 35
2 35 33
2 36 37
2 37 38
2 38 36
2 39 41
2 40 39
2 41 40
2 42 43
2 43 44
2 44 42
2 45 47
2 46 45
2 47 46
2 48 50
2 49 48
2 50 49
2 51 52
2 52 53
2 53 51
2 54 56
2 55 54
2 56 55
2 57 58
2 58 59
2 59 57
3 0 3
3 1 6
3 2 9
3 3 0
3 4 7
3 5 10
3 6 1
3 7 4
3 8 11
3 9 2
3 10 5
3 11 8
3 12 15
3 13 18
3 14 21
3 15 12
3 16 19
3 17 22
3 18 13
3 19 16
3 20 23
3 21 14
3 22 17
3 23 20
3 24 27
3 25 30
3 26 33
3 27 24
3 28 31
3 29 34
3 30 25
3 31 28
3 32 35
3 33 26
3 34 29
3 35 32
3 36 39
3 37 42
3 38 45
3 39 36
3 40 43
3 41 46
3 42 37
3 43 40
3 44 47
3 45 38
3 46 41
3 47 44
3 48 51
3 49 54
3 50 57
3 51 48
3 52 55
3 53 58
3 54 49
3 55 52
3 56 59
3 57 50
3 58 53
3 59 56
4 0 4
4 1 8
4 2 10
4 3 2
4 4 6
4 5 11
4 6 0
4 7 5
4 8 9
4 9 1
4 10 3
4 11 7
4 12 17
4 13 19
4 14 23
4 15 13
4 16 20
4 17 21
4 18 14
4 19 15
4 20 22
4 21 12
4 22 16
4 23 18
4 24 28
4 25 32
4 26 34
4 27 26
4 28 30
4 29 35
4 30 24
4 31 29
4 32 33
4 33 25
4 34 27
4 35 31
4 36 41
4 37 43
4 38 47
4 39 37
4 40 44
4 41 45
4 42 38
4 43 39
4 44 46
4 45 36
4 46 40
4 47 42
4 48 52
4 49 56
4 50 58
4 51 50
4 52 54
4 53 59
4 54 48
4 55 53
4 56 57
4 57 49
4 58 51
4 59 55
5 0 5
5 1 7
5 2 11
5 3 1
5 4 8
5 5 9
5 6 2
5 7 3
5 8 10
5 9 0
5 10 4
5 11 6
5 12 16
5 13 20
5 14 22
5 15 14
5 16 18
5 17 23
5 18 12
5 19 17
5 20 21
5 21 13
5 22 15
5 23 19
5 24 29
5 25 31
5 26 35
5 27 25
5 28 32
5 29 33
5 30 26
5 31 27
5 32 34
5 33 24
5 34 28
5 35 30
5 36 40
5 37 44
5 38 46
5 39 38
5 40 42
5 41 47
5 42 36
5 43 41
5 44 45
5 45 37
5 46 39
5 47 43
5 48 53
5 49 55
5 50 59
5 51 49
5 52 56
5 53 57
5 54 50
5 55 51
5 56 58
5 57 48
5 58 52
5 59 54
6 0 6
6 1 9
6 2 3
6 3 10
6 4 0
6 5 7
6 6 4
6 7 11
6 8 1
6 9 8
6 10 2
6 11 5
6 12 21
6 13 15
6 14 18
6 15 19
6 16 22
6 17 12
6 18 23
6 19 13
6 20 16
6 21 17
6 22 20
6 23 14
6 24 30
6 25 33
6 26 27
6 27 34
6 28 24
6 29 31
6 30 28
6 31 35
6 32 25
6 33 32
6 34 26
6 35 29
6 36 45
6 37 39
6 38 42
6 39 43
6 40 46
6 41 36
6 42 47
6 43 37
6 44 40
6 45 41
6 46 44
6 47 38
6 48 54
6 49 57
6 50 51
6 51 58
6 52 48
6 53 55
6 54 52
6 55 59
6 56 49
6 57 56
6 58 50
6 59 53
7 0 7
7 1 11
7 2 5
7 3 9
7 4 1
7 5 8
7 6 3
7 7 10
7 8 2
7 9 6
7 10 0
7 11 4
7 12 22
7 13 16
7 14 20
7 15 18
7 16 23
7 17 14
7 18 21
7 19 12
7 20 17
7 21 15
7 22 19
7 23 13
7 24 31
7 25 35
7 26 29
7 27 33
7 28 25
7 29 32
7 30 27
7 31 34
7 32 26
7 33 30
7 34 24
7 35 28
7 36 46
7 37 40
7 38 44
7 39 42
7 40 47
7 41 38
7 42 45
7 43 36
7 44 41
7 45 39
7 46 43
7 47 37
7 48 55
7 49 59
7 50 53
7 51 57
7 52 49
7 53 56
7 54 51
7 55 58
7 56 50
7 57 54
7 58 48
7 59 52
8 0 8
8 1 10
8 2 4
8 3 11
8 4 2
8 5 6
8 6 5
8 7 9
8 8 0
8 9 7
8 10 1
8 11 3
8 12 23
8 13 17
8 14 19
8 15 20
8 16 21
8 17 13
8 18 22
8 19 14
8 20 15
8 21 16
8 22 18
8 23 12
8 24 32
8 25 34
8 26 28
8 27 35
8 28 26
8 29 30
8 30 29
8 31 33
8 32 24
8 33 31
8 34 25
8 35 27
8 36 47
8 37 41
8 38 43
8 39 44
8 40 45
8 41 37
8 42 46
8 43 38
8 44 39
8 45 40
8 46 42
8 47 36
8 48 56
8 49 58
8 50 52
8 51 59
8 52 50
8 53 54
8 54 53
8 55 57
8 56 48
8 57 55
8 58 49
8 59 51
9 0 9
9 1 3
9 2 6
9 3 7
9 4 10
9 5 0
9 6 11
9 7 1
9 8 4
9 9 5
9 10 8
9 11 2
9 12 18
9 13 21
9 14 15
9 15 22
9 16 12
9 17 19
9 18 16
9 19 23
9 20 13
9 21 20
9 22 14
9 23 17
9 24 33
9 25 27
9 26 30
9 27 31
9 28 34
9 29 24
9 30 35
9 31 25
9 32 28
9 33 29
9 34 32
9 35 26
9 36 42
9 37 45
9 38 39
9 39 46
9 40 36
9 41 43
9 42 40
9 43 47
9 44 37
9 45 44
9 46 38
9 47 41
9 48 57
9 49 51
9 50 54
9 51 55
9 52 58
9 53 48
9 54 59
9 55 49
9 56 52
9 57 53
9 58 56
9 59 50
10 0 10
10 1 4
10 2 8
10 3 6
10 4 11
10 5 2
10 6 9
10 7 0
10 8 5
10 9 3
10 10 7
10 11 1
10 12 19
10 13 23
10 14 17
10 15 21
10 16 13
10 17 20
10 18 15
10 19 22
10 20 14
10 21 18
10 22 12
10 23 16
10 24 34
10 25 28
10 26 32
10 27 30
10 28 35
10 29 26
10 30 33
10 31 24
10 32 29
10 33 27
10 34 31
10 35 25
10 36 43
10 37 47
10 38 41
10 39 45
10 40 37
10 41 44
10 42 39
10 43 46
10 44 38
10 45 42
10 46 36
10 47 40
10 48 58
10 49 52
10 50 56
10 51 54
10 52 59
10 53 50
10 54 57
10 55 48
10 56 53
10 57 51
10 58 55
10 59 49
11 0 11
11 1 5
11 2 7
11 3 8
11 4 9
11 5 1
11 6 10
11 7 2
11 8 3
11 9 4
11 10 6
11 11 0
11 12 20
11 13 22
11 14 16
11 15 23
11 16 14
11 17 18
11 18 17
11 19 21
11 20 12
11 21 19
11 22 13
11 23 15
11 24 35
11 25 29
11 26 31
11 27 32
11 28 33
11 29 25
11 30 34
11 31 26
11 32 27
11 33 28
11 34 30
11 35 24
11 36 44
11 37 46
11 38 40
11 39 47
11 40 38
11 41 42
11 42 41
11 43 45
11 44 36
11 45 43
11 46 37
11 47 39
11 48 59
11 49 53
11 50 55
11 51 56
11 52 57
11 53 49
11 54 58
11 55 50
11 56 51
11 57 52
11 58 54
11 59 48
12 0 12
12 1 13
12 2 14
12 3 24
12 4 25
12 5 26
12 6 36
12 7 37
12 8 38
12 9 48
12 10 49
12 11 50
12 12 0
12 13 1
12 14 2
12 15 27
12 16 28
12 17 29
12 18 39
12 19 40
12 20 41
12 21 51
12 22 52
12 23 53
12 24 3
12 25 4
12 26 5
12 27 15
12 28 16
12 29 17
12 30 42
12 31 43
12 32 44
12 33 54
12 34 55
12 35 56
12 36 6
12 37 7
12 38 8
12 39 18
12 40 19
12 41 20
12 42 30
12 43 31
12 44 32
12 45 57
12 46 58
12 47 59
12 48 9
12 49 10
12 50 11
12 51 21
12 52 22
12 53 23
12 54 33
12 55 34
12 56 35
12 57 45
12 58 46
12 59 47
13 0 13
13 1 14
13 2 12
13 3 26
13 4 24
13 5 25
13 6 37
13 7 38
13 8 36
13 9 50
13 10 48
13 11 49
13 12 2
13 13 0
13 14 1
13 15 28
13 16 29
13 17 27
13 18 41
13 19 39
13 20 40
13 21 52
13 22 53
13 23 51
13 24 4
13 25 5
13 26 3
13 27 17
13 28 15
13 29 16
13 30 43
13 31 44
13 32 42
13 33 56
13 34 54
13 35 55
13 36 8
13 37 6
13 38 7
13 39 19
13 40 20
13 41 18
13 42 32
13 43 30
13 44 31
13 45 58
13 46 59
13 47 57
13 48 10
13 49 11
13 50 9
13 51 23
13 52 21
13 53 22
13 54 34
13 55 35
13 56 33
13 57 47
13 58 45
13 59 46
14 0 14
14 1 12
14 2 13
14 3 25
14 4 26
14 5 24
14 6 38
14 7 36
14 8 37
14 9 49
14 10 50
14 11 48
14 12 1
14 13 2
14 14 0
14 15 29
14 16 27
14 17 28
14 18 40
14 19 41
14 20 39
14 21 53
14 22 51
14 23 52
14 24 5
14 25 3
14 26 4
14 27 16
14 28 17
14 29 15
14 30 44
14 31 42
14 32 43
14 33 55
14 34 56
14 35 54
14 36 7
14 37 8
14 38 6
14 39 20
14 40 18
14 41 19
14 42 31
14 43 32
14 44 30
14 45 59
14 46 57
14 47 58
14 48 11
14 49 9
14 50 10
14 51 22
14 52 23
14 53 21
14 54 35
14 55 33
14 56 34
14 57 46
14 58 47
14 59 45
15 0 15
15 1 18
15 2 21
15 3 27
15 4 30
15 5 33
15 6 39
15 7 42
15 8 45
15 9 51
15 10 54
15 11 57
15 12 3
15 13 6
15 14 9
15 15 24
15 16 31
15 17 34
15 18 36
15 19 43
15 20 46
15 21 48
15 22 55
15 23 58
15 24 0
15 25 7
15 26 10
15 27 12
15 28 19
15 29 22
15 30 37
15 31 40
15 32 47
15 33 49
15 34 52
15 35 59
15 36 1
15 37 4
15 38 11
15 39 13
15 40 16
15 41 23
15 42 25
15 43 28
15 44 35
15 45 50
15 46 53
15 47 56
15 48 2
15 49 5
15 50 8
15 51 14
15 52 17
15 53 20
15 54 26
15 55 29
15 56 32
15 57 38
15 58 41
15 59 44
16 0 16
16 1 20
16 2 22
16 3 29
16 4 31
16 5 35
16 6 40
16 7 44
16 8 46
16 9 53
16 10 55
16 11 59
16 12 5
16 13 7
16 14 11
16 15 25
16 16 32
16 17 33
16 18 38
16 19 42
16 20 47
16 21 49
16 22 56
16 23 57
16 24 1
16 25 8
16 26 9
16 27 14
16 28 18
16 29 23
16 30 36
16 31 41
16 32 45
16 33 50
16 34 51
16 35 58
16 36 2
16 37 3
16 38 10
16 39 12
16 40 17
16 41 21
16 42 26
16 43 27
16 44 34
16 45 48
16 46 52
16 47 54
16 48 0
16 49 4
16 50 6
16 51 13
16 52 15
16 53 19
16 54 24
16 55 28
16 56 30
16 57 37
16 58 39
16 59 43
17 0 17
17 1 19
17 2 23
17 3 28
17 4 32
17 5 34
17 6 41
17 7 43
17 8 47
17 9 52
17 10 56
17 11 58
17 12 4
17 13 8
17 14 10
17 15 26
17 16 30
17 17 35
17 18 37
17 19 44
17 20 45
17 21 50
17 22 54
17 23 59
17 24 2
17 25 6
17 26 11
17 27 13
17 28 20
17 29 21
17 30 38
17 31 39
17 32 46
17 33 48
17 34 53
17 35 57
17 36 0
17 37 5
17 38 9
17 39 14
17 40 15
17 41 22
17 42 24
17 43 29
17 44 33
17 45 49
17 46 51
17 47 55
17 48 1
17 49 3
17 50 7
17 51 12
17 52 16
17 53 18
17 54 25
17 55 27
17 56 31
17 57 36
17 58 40
17 59 42
18 0 18
18 1 21
18 2 15
18 3 33
18 4 27
18 5 30
18 6 42
18 7 45
18 8 39
18 9 57
18 10 51
18 11 54
18 12 9
18 13 3
18 14 6
18 15 31
18 16 34
18 17 24
18 18 46
18 19 36
18 20 43
18 21 55
18 22 58
18 23 48
18 24 7
18 25 10
18 26 0
18 27 22
18 28 12
18 29 19
18 30 40
18 31 47
18 32 37
18 33 59
18 34 49
18 35 52
18 36 11
18 37 1
18 38 4
18 39 16
18 40 23
18 41 13
18 42 35
18 43 25
18 44 28
18 45 53
18 46 56
18 47 50
18 48 5
18 49 8
18 50 2
18 51 20
18 52 14
18 53 17
18 54 29
18 55 32
18 56 26
18 57 44
18 58 38
18 59 41
19 0 19
19 1 23
19 2 17
19 3 34
19 4 28
19 5 32
19 6 43
19 7 47
19 8 41
19 9 58
19 10 52
19 11 56
19 12 10
19 13 4
19 14 8
19 15 30
19 16 35
19 17 26
19 18 45
19 19 37
19 20 44
19 21 54
19 22 59
19 23 50
19 24 6
19 25 11
19 26 2
19 27 21
19 28 13
19 29 20
19 30 39
19 31 46
19 32 38
19 33 57
19 34 48
19 35 53
19 36 9
19 37 0
19 38 5
19 39 15
19 40 22
19 41 14
19 42 33
19 43 24
19 44 29
19 45 51
19 46 55
19 47 49
19 48 3
19 49 7
19 50 1
19 51 18
19 52 12
19 53 16
19 54 27
19 55 31
19 56 25
19 57 42
19 58 36
19 59 40
20 0 20
20 1 22
20 2 16
20 3 35
20 4 29
20 5 31
20 6 44
20 7 46
20 8 40
20 9 59
20 10 53
20 11 55
20 12 11
20 13 5
20 14 7
20 15 32
20 16 33
20 17 25
20 18 47
20 19 38
20 20 42
20 21 56
20 22 57
20 23 49
20 24 8
20 25 9
20 26 1
20 27 23
20 28 14
20 29 18
20 30 41
20 31 45
20 32 36
20 33 58
20 34 50
20 35 51
20 36 10
20 37 2
20 38 3
20 39 17
20 40 21
20 41 12
20 42 34
20 43 26
20 44 27
20 45 52
20 46 54
20 47 48
20 48 4
20 49 6
20 50 0
20 51 19
20 52 13
20 53 15
20 54 28
20 55 30
20 56 24
20 57 43
20 58 37
20 59 39
21 0 21
21 1 15
21 2 18
21 3 30
21 4 33
21 5 27
21 6 45
21 7 39
21 8 42
21 9 54
21 10 57
21 11 51
21 12 6
21 13 9
21 14 3
21 15 34
21 16 24
21 17 31
21 18 43
21 19 46
21 20 36
21 21 58
21 22 48
21 23 55
21 24 10
21 25 0
21 26 7
21 27 19
21 28 22
21 29 12
21 30 47
21 31 37
21 32 40
21 33 52
21 34 59
21 35 49
21 36 4
21 37 11
21 38 1
21 39 23
21 40 13
21 41 16
21 42 28
21 43 35
21 44 25
21 45 56
21 46 50
21 47 53
21 48 8
21 49 2
21 50 5
21 51 17
21 52 20
21 53 14
21 54 32
21 55 26
21 56 29
21 57 41
21 58 44
21 59 38
22 0 22
22 1 16
22 2 20
22 3 31
22 4 35
22 5 29
22 6 46
22 7 40
22 8 44
22 9 55
22 10 59
22 11 53
22 12 7
22 13 11
22 14 5
22 15 33
22 16 25
22 17 32
22 18 42
22 19 47
22 20 38
22 21 57
22 22 49
22 23 56
22 24 9
22 25 1
22 26 8
22 27 18
22 28 23
22 29 14
22 30 45
22 31 36
22 32 41
22 33 51
22 34 58
22 35 50
22 36 3
22 37 10
22 38 2
22 39 21
22 40 12
22 41 17
22 42 27
22 43 34
22 44 26
22 45 54
22 46 48
22 47 52
22 48 6
22 49 0
22 50 4
22 51 15
22 52 19
22 53 13
22 54 30
22 55 24
22 56 28
22 57 39
22 58 43
22 59 37
23 0 23
23 1 17
23 2 19
23 3 32
23 4 34
23 5 28
23 6 47
23 7 41
23 8 43
23 9 56
23 10 58
23 11 52
23 12 8
23 13 10
23 14 4
23 15 35
23 16 26
23 17 30
23 18 44
23 19 45
23 20 37
23 21 59
23 22 50
23 23 54
23 24 11
23 25 2
23 26 6
23 27 20
23 28 21
23 29 13
23 30 46
23 31 38
23 32 39
23 33 53
23 34 57
23 35 48
23 36 5
23 37 9
23 38 0
23 39 22
23 40 14
23 41 15
23 42 29
23 43 33
23 44 24
23 45 55
23 46 49
23 47 51
23 48 7
23 49 1
23 50 3
23 51 16
23 52 18
23 53 12
23 54 31
23 55 25
23 56 27
23 57 40
23 58 42
23 59 36
24 0 24
24 1 36
24 2 48
24 3 12
24 4 37
24 5 49
24 6 13
24 7 25
24 8 50
24 9 14
24 10 26
24 11 38
24 12 27
24 13 39
24 14 51
24 15 0
24 16 40
24 17 52
24 18 1
24 19 28
24 20 53
24 21 2
24 22 29
24 23 41
24 24 15
24 25 42
24 26 54
24 27 3
24 28 43
24 29 55
24 30 4
24 31 16
24 32 56
24 33 5
24 34 17
24 35 44
24 36 18
24 37 30
24 38 57
24 39 6
24 40 31
24 41 58
24 42 7
24 43 19
24 44 59
24 45 8
24 46 20
24 47 32
24 48 21
24 49 33
24 50 45
24 51 9
24 52 34
24 53 46
24 54 10
24 55 22
24 56 47
24 57 11
24 58 23
24 59 35
25 0 25
25 1 38
25 2 49
25 3 14
25 4 36
25 5 50
25 6 12
25 7 26
25 8 48
25 9 13
25 10 24
25 11 37
25 12 29
25 13 40
25 14 53
25 15 1
25 16 41
25 17 51
25 18 2
25 19 27
25 20 52
25 21 0
25 22 28
25 23 39
25 24 16
25 25 44
25 26 55
25 27 5
25 28 42
25 29 56
25 30 3
25 31 17
25 32 54
25 33 4
25 34 15
25 35 43
25 36 20
25 37 31
25 38 59
25 39 7
25 40 32
25 41 57
25 42 8
25 43 18
25 44 58
25 45 6
25 46 19
25 47 30
25 48 22
25 49 35
25 50 46
25 51 11
25 52 33
25 53 47
25 54 9
25 55 23
25 56 45
25 57 10
25 58 21
25 59 34
26 0 26
26 1 37
26 2 50
26 3 13
26 4 38
26 5 48
26 6 14
26 7 24
26 8 49
26 9 12
26 10 25
26 11 36
26 12 28
26 13 41
26 14 52
26 15 2
26 16 39
26 17 53
26 18 0
26 19 29
26 20 51
26 21 1
26 22 27
26 23 40
26 24 17
26 25 43
26 26 56
26 27 4
26 28 44
26 29 54
26 30 5
26 31 15
26 32 55
26 33 3
26 34 16
26 35 42
26 36 19
26 37 32
26 38 58
26 39 8
26 40 30
26 41 59
26 42 6
26 43 20
26 44 57
26 45 7
26 46 18
26 47 31
26 48 23
26 49 34
26 50 47
26 51 10
26 52 35
26 53 45
26 54 11
26 55 21
26 56 46
26 57 9
26 58 22
26 59 33
27 0 27
27 1 39
27 2 51
27 3 15
27 4 42
27 5 54
27 6 18
27 7 30
27 8 57
27 9 21
27 10 33
27 11 45
27 12 24
27 13 36
27 14 48
27 15 3
27 16 43
27 17 55
27 18 6
27 19 31
27 20 58
27 21 9
27 22 34
27 23 46
27 24 12
27 25 37
27 26 49
27 27 0
27 28 40
27 29 52
27 30 7
27 31 19
27 32 59
27 33 10
27 34 22
27 35 47
27 36 13
27 37 25
27 38 50
27 39 1
27 40 28
27 41 53
27 42 4
27 43 16
27 44 56
27 45 11
27 46 23
27 47 35
27 48 14
27 49 26
27 50 38
27 51 2
27 52 29
27 53 41
27 54 5
27 55 17
27 56 44
27 57 8
27 58 20
27 59 32
28 0 28
28 1 41
28 2 52
28 3 17
28 4 43
28 5 56
28 6 19
28 7 32
28 8 58
28 9 23
28 10 34
28 11 47
28 12 26
28 13 37
28 14 50
28 15 4
28 16 44
28 17 54
28 18 8
28 19 30
28 20 59
28 21 10
28 22 35
28 23 45
28 24 13
28 25 38
28 26 48
28 27 2
28 28 39
28 29 53
28 30 6
28 31 20
28 32 57
28 33 11
28 34 21
28 35 46
28 36 14
28 37 24
28 38 49
28 39 0
28 40 29
28 41 51
28 42 5
28 43 15
28 44 55
28 45 9
28 46 22
28 47 33
28 48 12
28 49 25
28 50 36
28 51 1
28 52 27
28 53 40
28 54 3
28 55 16
28 56 42
28 57 7
28 58 18
28 59 31
29 0 29
29 1 40
29 2 53
29 3 16
29 4 44
29 5 55
29 6 20
29 7 31
29 8 59
29 9 22
29 10 35
29 11 46
29 12 25
29 13 38
29 14 49
29 15 5
29 16 42
29 17 56
29 18 7
29 19 32
29 20 57
29 21 11
29 22 33
29 23 47
29 24 14
29 25 36
29 26 50
29 27 1
29 28 41
29 29 51
29 30 8
29 31 18
29 32 58
29 33 9
29 34 23
29 35 45
29 36 12
29 37 26
29 38 48
29 39 2
29 40 27
29 41 52
29 42 3
29 43 17
29 44 54
29 45 10
29 46 21
29 47 34
29 48 13
29 49 24
29 50 37
29 51 0
29 52 28
29 53 39
29 54 4
29 55 15
29 56 43
29 57 6
29 58 19
29 59 30
30 0 30
30 1 45
30 2 54
30 3 21
30 4 39
30 5 57
30 6 15
30 7 33
30 8 51
30 9 18
30 10 27
30 11 42
30 12 34
30 13 43
30 14 58
30 15 6
30 16 46
30 17 48
30 18 9
30 19 24
30 20 55
30 21 3
30 22 31
30 23 36
30 24 19
30 25 47
30 26 52
30 27 10
30 28 37
30 29 59
30 30 0
30 31 22
30 32 49
30 33 7
30 34 12
30 35 40
30 36 23
30 37 28
30 38 56
30 39 4
30 40 35
30 41 50
30 42 11
30 43 13
30 44 53
30 45 1
30 46 16
30 47 25
30 48 17
30 49 32
30 50 41
30 51 8
30 52 26
30 53 44
30 54 2
30 55 20
30 56 38
30 57 5
30 58 14
30 59 29
31 0 31
31 1 46
31 2 55
31 3 22
31 4 40
31 5 59
31 6 16
31 7 35
31 8 53
31 9 20
31 10 29
31 11 44
31 12 33
31 13 42
31 14 57
31 15 7
31 16 47
31 17 49
31 18 11
31 19 25
31 20 56
31 21 5
31 22 32
31 23 38
31 24 18
31 25 45
31 26 51
31 27 9
31 28 36
31 29 58
31 30 1
31 31 23
31 32 50
31 33 8
31 34 14
31 35 41
31 36 21
31 37 27
31 38 54
31 39 3
31 40 34
31 41 48
31 42 10
31 43 12
31 44 52
31 45 2
31 46 17
31 47 26
31 48 15
31 49 30
31 50 39
31 51 6
31 52 24
31 53 43
31 54 0
31 55 19
31 56 37
31 57 4
31 58 13
31 59 28
32 0 32
32 1 47
32 2 56
32 3 23
32 4 41
32 5 58
32 6 17
32 7 34
32 8 52
32 9 19
32 10 28
32 11 43
32 12 35
32 13 44
32 14 59
32 15 8
32 16 45
32 17 50
32 18 10
32 19 26
32 20 54
32 21 4
32 22 30
32 23 37
32 24 20
32 25 46
32 26 53
32 27 11
32 28 38
32 29 57
32 30 2
32 31 21
32 32 48
32 33 6
32 34 13
32 35 39
32 36 22
32 37 29
32 38 55
32 39 5
32 40 33
32 41 49
32 42 9
32 43 14
32 44 51
32 45 0
32 46 15
32 47 24
32 48 16
32 49 31
32 50 40
32 51 7
32 52 25
32 53 42
32 54 1
32 55 18
32 56 36
32 57 3
32 58 12
32 59 27
33 0 33
33 1 42
33 2 57
33 3 18
33 4 45
33 5 51
33 6 21
33 7 27
33 8 54
33 9 15
33 10 30
33 11 39
33 12 31
33 13 46
33 14 55
33 15 9
33 16 36
33 17 58
33 18 3
33 19 34
33 20 48
33 21 6
33 22 24
33 23 43
33 24 22
33 25 40
33 26 59
33 27 7
33 28 47
33 29 49
33 30 10
33 31 12
33 32 52
33 33 0
33 34 19
33 35 37
33 36 16
33 37 35
33 38 53
33 39 11
33 40 25
33 41 56
33 42 1
33 43 23
33 44 50
33 45 4
33 46 13
33 47 28
33 48 20
33 49 29
33 50 44
33 51 5
33 52 32
33 53 38
33 54 8
33 55 14
33 56 41
33 57 2
33 58 17
33 59 26
34 0 34
34 1 43
34 2 58
34 3 19
34 4 47
34 5 52
34 6 23
34 7 28
34 8 56
34 9 17
34 10 32
34 11 41
34 12 30
34 13 45
34 14 54
34 15 10
34 16 37
34 17 59
34 18 4
34 19 35
34 20 50
34 21 8
34 22 26
34 23 44
34 24 21
34 25 39
34 26 57
34 27 6
34 28 46
34 29 48
34 30 11
34 31 13
34 32 53
34 33 2
34 34 20
34 35 38
34 36 15
34 37 33
34 38 51
34 39 9
34 40 24
34 41 55
34 42 0
34 43 22
34 44 49
34 45 5
34 46 14
34 47 29
34 48 18
34 49 27
34 50 42
34 51 3
34 52 31
34 53 36
34 54 7
34 55 12
34 56 40
34 57 1
34 58 16
34 59 25
35 0 35
35 1 44
35 2 59
35 3 20
35 4 46
35 5 53
35 6 22
35 7 29
35 8 55
35 9 16
35 10 31
35 11 40
35 12 32
35 13 47
35 14 56
35 15 11
35 16 38
35 17 57
35 18 5
35 19 33
35 20 49
35 21 7
35 22 25
35 23 42
35 24 23
35 25 41
35 26 58
35 27 8
35 28 45
35 29 50
35 30 9
35 31 14
35 32 51
35 33 1
35 34 18
35 35 36
35 36 17
35 37 34
35 38 52
35 39 10
35 40 26
35 41 54
35 42 2
35 43 21
35 44 48
35 45 3
35 46 12
35 47 27
35 48 19
35 49 28
35 50 43
35 51 4
35 52 30
35 53 37
35 54 6
35 55 13
35 56 39
35 57 0
35 58 15
35 59 24
36 0 36
36 1 48
36 2 24
36 3 49
36 4 12
36 5 37
36 6 25
36 7 50
36 8 13
36 9 38
36 10 14
36 11 26
36 12 51
36 13 27
36 14 39
36 15 40
36 16 52
36 17 0
36 18 53
36 19 1
36 20 28
36 21 29
36 22 41
36 23 2
36 24 42
36 25 54
36 26 15
36 27 55
36 28 3
36 29 43
36 30 16
36 31 56
36 32 4
36 33 44
36 34 5
36 35 17
36 36 57
36 37 18
36 38 30
36 39 31
36 40 58
36 41 6
36 42 59
36 43 7
36 44 19
36 45 20
36 46 32
36 47 8
36 48 33
36 49 45
36 50 21
36 51 46
36 52 9
36 53 34
36 54 22
36 55 47
36 56 10
36 57 35
36 58 11
36 59 23
37 0 37
37 1 50
37 2 26
37 3 48
37 4 13
37 5 38
37 6 24
37 7 49
37 8 14
37 9 36
37 10 12
37 11 25
37 12 52
37 13 28
37 14 41
37 15 39
37 16 53
37 17 2
37 18 51
37 19 0
37 20 29
37 21 27
37 22 40
37 23 1
37 24 43
37 25 56
37 26 17
37 27 54
37 28 4
37 29 44
37 30 15
37 31 55
37 32 5
37 33 42
37 34 3
37 35 16
37 36 58
37 37 19
37 38 32
37 39 30
37 40 59
37 41 8
37 42 57
37 43 6
37 44 20
37 45 18
37 46 31
37 47 7
37 48 34
37 49 47
37 50 23
37 51 45
37 52 10
37 53 35
37 54 21
37 55 46
37 56 11
37 57 33
37 58 9
37 59 22
38 0 38
38 1 49
38 2 25
38 3 50
38 4 14
38 5 36
38 6 26
38 7 48
38 8 12
38 9 37
38 10 13
38 11 24
38 12 53
38 13 29
38 14 40
38 15 41
38 16 51
38 17 1
38 18 52
38 19 2
38 20 27
38 21 28
38 22 39
38 23 0
38 24 44
38 25 55
38 26 16
38 27 56
38 28 5
38 29 42
38 30 17
38 31 54
38 32 3
38 33 43
38 34 4
38 35 15
38 36 59
38 37 20
38 38 31
38 39 32
38 40 57
38 41 7
38 42 58
38 43 8
38 44 18
38 45 19
38 46 30
38 47 6
38 48 35
38 49 46
38 50 22
38 51 47
38 52 11
38 53 33
38 54 23
38 55 45
38 56 9
38 57 34
38 58 10
38 59 21
39 0 39
39 1 51
39 2 27
39 3 54
39 4 15
39 5 42
39 6 30
39 7 57
39 8 18
39 9 45
39 10 21
39 11 33
39 12 48
39 13 24
39 14 36
39 15 43
39 16 55
39 17 3
39 18 58
39 19 6
39 20 31
39 21 34
39 22 46
39 23 9
39 24 37
39 25 49
39 26 12
39 27 52
39 28 0
39 29 40
39 30 19
39 31 59
39 32 7
39 33 47
39 34 10
39 35 22
39 36 50
39 37 13
39 38 25
39 39 28
39 40 53
39 41 1
39 42 56
39 43 4
39 44 16
39 45 23
39 46 35
39 47 11
39 48 26
39 49 38
39 50 14
39 51 41
39 52 2
39 53 29
39 54 17
39 55 44
39 56 5
39 57 32
39 58 8
39 59 20
40 0 40
40 1 53
40 2 29
40 3 55
40 4 16
40 5 44
40 6 31
40 7 59
40 8 20
40 9 46
40 10 22
40 11 35
40 12 49
40 13 25
40 14 38
40 15 42
40 16 56
40 17 5
40 18 57
40 19 7
40 20 32
40 21 33
40 22 47
40 23 11
40 24 36
40 25 50
40 26 14
40 27 51
40 28 1
40 29 41
40 30 18
40 31 58
40 32 8
40 33 45
40 34 9
40 35 23
40 36 48
40 37 12
40 38 26
40 39 27
40 40 52
40 41 2
40 42 54
40 43 3
40 44 17
40 45 21
40 46 34
40 47 10
40 48 24
40 49 37
40 50 13
40 51 39
40 52 0
40 53 28
40 54 15
40 55 43
40 56 4
40 57 30
40 58 6
40 59 19
41 0 41
41 1 52
41 2 28
41 3 56
41 4 17
41 5 43
41 6 32
41 7 58
41 8 19
41 9 47
41 10 23
41 11 34
41 12 50
41 13 26
41 14 37
41 15 44
41 16 54
41 17 4
41 18 59
41 19 8
41 20 30
41 21 35
41 22 45
41 23 10
41 24 38
41 25 48
41 26 13
41 27 53
41 28 2
41 29 39
41 30 20
41 31 57
41 32 6
41 33 46
41 34 11
41 35 21
41 36 49
41 37 14
41 38 24
41 39 29
41 40 51
41 41 0
41 42 55
41 43 5
41 44 15
41 45 22
41 46 33
41 47 9
41 48 25
41 49 36
41 50 12
41 51 40
41 52 1
41 53 27
41 54 16
41 55 42
41 56 3
41 57 31
41 58 7
41 59 18
42 0 42
42 1 57
42 2 33
42 3 51
42 4 18
42 5 45
42 6 27
42 7 54
42 8 21
42 9 39
42 10 15
42 11 30
42 12 55
42 13 31
42 14 46
42 15 36
42 16 58
42 17 9
42 18 48
42 19 3
42 20 34
42 21 24
42 22 43
42 23 6
42 24 40
42 25 59
42 26 22
42 27 49
42 28 7
42 29 47
42 30 12
42 31 52
42 32 10
42 33 37
42 34 0
42 35 19
42 36 53
42 37 16
42 38 35
42 39 25
42 40 56
42 41 11
42 42 50
42 43 1
42 44 23
42 45 13
42 46 28
42 47 4
42 48 29
42 49 44
42 50 20
42 51 38
42 52 5
42 53 32
42 54 14
42 55 41
42 56 8
42 57 26
42 58 2
42 59 17
43 0 43
43 1 58
43 2 34
43 3 52
43 4 19
43 5 47
43 6 28
43 7 56
43 8 23
43 9 41
43 10 17
43 11 32
43 12 54
43 13 30
43 14 45
43 15 37
43 16 59
43 17 10
43 18 50
43 19 4
43 20 35
43 21 26
43 22 44
43 23 8
43 24 39
43 25 57
43 26 21
43 27 48
43 28 6
43 29 46
43 30 13
43 31 53
43 32 11
43 33 38
43 34 2
43 35 20
43 36 51
43 37 15
43 38 33
43 39 24
43 40 55
43 41 9
43 42 49
43 43 0
43 44 22
43 45 14
43 46 29
43 47 5
43 48 27
43 49 42
43 50 18
43 51 36
43 52 3
43 53 31
43 54 12
43 55 40
43 56 7
43 57 25
43 58 1
43 59 16
44 0 44
44 1 59
44 2 35
44 3 53
44 4 20
44 5 46
44 6 29
44 7 55
44 8 22
44 9 40
44 10 16
44 11 31
44 12 56
44 13 32
44 14 47
44 15 38
44 16 57
44 17 11
44 18 49
44 19 5
44 20 33
44 21 25
44 22 42
44 23 7
44 24 41
44 25 58
44 26 23
44 27 50
44 28 8
44 29 45
44 30 14
44 31 51
44 32 9
44 33 36
44 34 1
44 35 18
44 36 52
44 37 17
44 38 34
44 39 26
44 40 54
44 41 10
44 42 48
44 43 2
44 44 21
44 45 12
44 46 27
44 47 3
44 48 28
44 49 43
44 50 19
44 51 37
44 52 4
44 53 30
44 54 13
44 55 39
44 56 6
44 57 24
44 58 0
44 59 15
45 0 45
45 1 54
45 2 30
45 3 57
45 4 21
45 5 39
45 6 33
45 7 51
45 8 15
45 9 42
45 10 18
45 11 27
45 12 58
45 13 34
45 14 43
45 15 46
45 16 48
45 17 6
45 18 55
45 19 9
45 20 24
45 21 31
45 22 36
45 23 3
45 24 47
45 25 52
45 26 19
45 27 59
45 28 10
45 29 37
45 30 22
45 31 49
45 32 0
45 33 40
45 34 7
45 35 12
45 36 56
45 37 23
45 38 28
45 39 35
45 40 50
45 41 4
45 42 53
45 43 11
45 44 13
45 45 16
45 46 25
45 47 1
45 48 32
45 49 41
45 50 17
45 51 44
45 52 8
45 53 26
45 54 20
45 55 38
45 56 2
45 57 29
45 58 5
45 59 14
46 0 46
46 1 55
46 2 31
46 3 59
46 4 22
46 5 40
46 6 35
46 7 53
46 8 16
46 9 44
46 10 20
46 11 29
46 12 57
46 13 33
46 14 42
46 15 47
46 16 49
46 17 7
46 18 56
46 19 11
46 20 25
46 21 32
46 22 38
46 23 5
46 24 45
46 25 51
46 26 18
46 27 58
46 28 9
46 29 36
46 30 23
46 31 50
46 32 1
46 33 41
46 34 8
46 35 14
46 36 54
46 37 21
46 38 27
46 39 34
46 40 48
46 41 3
46 42 52
46 43 10
46 44 12
46 45 17
46 46 26
46 47 2
46 48 30
46 49 39
46 50 15
46 51 43
46 52 6
46 53 24
46 54 19
46 55 37
46 56 0
46 57 28
46 58 4
46 59 13
47 0 47
47 1 56
47 2 32
47 3 58
47 4 23
47 5 41
47 6 34
47 7 52
47 8 17
47 9 43
47 10 19
47 11 28
47 12 59
47 13 35
47 14 44
47 15 45
47 16 50
47 17 8
47 18 54
47 19 10
47 20 26
47 21 30
47 22 37
47 23 4
47 24 46
47 25 53
47 26 20
47 27 57
47 28 11
47 29 38
47 30 21
47 31 48
47 32 2
47 33 39
47 34 6
47 35 13
47 36 55
47 37 22
47 38 29
47 39 33
47 40 49
47 41 5
47 42 51
47 43 9
47 44 14
47 45 15
47 46 24
47 47 0
47 48 31
47 49 40
47 50 16
47 51 42
47 52 7
47 53 25
47 54 18
47 55 36
47 56 1
47 57 27
47 58 3
47 59 12
48 0 48
48 1 24
48 2 36
48 3 37
48 4 49
48 5 12
48 6 50
48 7 13
48 8 25
48 9 26
48 10 38
48 11 14
48 12 39
48 13 51
48 14 27
48 15 52
48 16 0
48 17 40
48 18 28
48 19 53
48 20 1
48 21 41
48 22 2
48 23 29
48 24 54
48 25 15
48 26 42
48 27 43
48 28 55
48 29 3
48 30 56
48 31 4
48 32 16
48 33 17
48 34 44
48 35 5
48 36 30
48 37 57
48 38 18
48 39 58
48 40 6
48 41 31
48 42 19
48 43 59
48 44 7
48 45 32
48 46 8
48 47 20
48 48 45
48 49 21
48 50 33
48 51 34
48 52 46
48 53 9
48 54 47
48 55 10
48 56 22
48 57 23
48 58 35
48 59 11
49 0 49
49 1 25
49 2 38
49 3 36
49 4 50
49 5 14
49 6 48
49 7 12
49 8 26
49 9 24
49 10 37
49 11 13
49 12 40
49 13 53
49 14 29
49 15 51
49 16 1
49 17 41
49 18 27
49 19 52
49 20 2
49 21 39
49 22 0
49 23 28
49 24 55
49 25 16
49 26 44
49 27 42
49 28 56
49 29 5
49 30 54
49 31 3
49 32 17
49 33 15
49 34 43
49 35 4
49 36 31
49 37 59
49 38 20
49 39 57
49 40 7
49 41 32
49 42 18
49 43 58
49 44 8
49 45 30
49 46 6
49 47 19
49 48 46
49 49 22
49 50 35
49 51 33
49 52 47
49 53 11
49 54 45
49 55 9
49 56 23
49 57 21
49 58 34
49 59 10
50 0 50
50 1 26
50 2 37
50 3 38
50 4 48
50 5 13
50 6 49
50 7 14
50 8 24
50 9 25
50 10 36
50 11 12
50 12 41
50 13 52
50 14 28
50 15 53
50 16 2
50 17 39
50 18 29
50 19 51
50 20 0
50 21 40
50 22 1
50 23 27
50 24 56
50 25 17
50 26 43
50 27 44
50 28 54
50 29 4
50 30 55
50 31 5
50 32 15
50 33 16
50 34 42
50 35 3
50 36 32
50 37 58
50 38 19
50 39 59
50 40 8
50 41 30
50 42 20
50 43 57
50 44 6
50 45 31
50 46 7
50 47 18
50 48 47
50 49 23
50 50 34
50 51 35
50 52 45
50 53 10
50 54 46
50 55 11
50 56 21
50 57 22
50 58 33
50 59 9
51 0 51
51 1 27
51 2 39
51 3 42
51 4 54
51 5 15
51 6 57
51 7 18
51 8 30
51 9 33
51 10 45
51 11 21
51 12 36
51 13 48
51 14 24
51 15 55
51 16 3
51 17 43
51 18 31
51 19 58
51 20 6
51 21 46
51 22 9
51 23 34
51 24 49
51 25 12
51 26 37
51 27 40
51 28 52
51 29 0
51 30 59
51 31 7
51 32 19
51 33 22
51 34 47
51 35 10
51 36 25
51 37 50
51 38 13
51 39 53
51 40 1
51 41 28
51 42 16
51 43 56
51 44 4
51 45 35
51 46 11
51 47 23
51 48 38
51 49 14
51 50 26
51 51 29
51 52 41
51 53 2
51 54 44
51 55 5
51 56 17
51 57 20
51 58 32
51 59 8
52 0 52
52 1 28
52 2 41
52 3 43
52 4 56
52 5 17
52 6 58
52 7 19
52 8 32
52 9 34
52 10 47
52 11 23
52 12 37
52 13 50
52 14 26
52 15 54
52 16 4
52 17 44
52 18 30
52 19 59
52 20 8
52 21 45
52 22 10
52 23 35
52 24 48
52 25 13
52 26 38
52 27 39
52 28 53
52 29 2
52 30 57
52 31 6
52 32 20
52 33 21
52 34 46
52 35 11
52 36 24
52 37 49
52 38 14
52 39 51
52 40 0
52 41 29
52 42 15
52 43 55
52 44 5
52 45 33
52 46 9
52 47 22
52 48 36
52 49 12
52 50 25
52 51 27
52 52 40
52 53 1
52 54 42
52 55 3
52 56 16
52 57 18
52 58 31
52 59 7
53 0 53
53 1 29
53 2 40
53 3 44
53 4 55
53 5 16
53 6 59
53 7 20
53 8 31
53 9 35
53 10 46
53 11 22
53 12 38
53 13 49
53 14 25
53 15 56
53 16 5
53 17 42
53 18 32
53 19 57
53 20 7
53 21 47
53 22 11
53 23 33
53 24 50
53 25 14
53 26 36
53 27 41
53 28 51
53 29 1
53 30 58
53 31 8
53 32 18
53 33 23
53 34 45
53 35 9
53 36 26
53 37 48
53 38 12
53 39 52
53 40 2
53 41 27
53 42 17
53 43 54
53 44 3
53 45 34
53 46 10
53 47 21
53 48 37
53 49 13
53 50 24
53 51 28
53 52 39
53 53 0
53 54 43
53 55 4
53 56 15
53 57 19
53 58 30
53 59 6
54 0 54
54 1 30
54 2 45
54 3 39
54 4 57
54 5 21
54 6 51
54 7 15
54 8 33
54 9 27
54 10 42
54 11 18
54 12 43
54 13 58
54 14 34
54 15 48
54 16 6
54 17 46
54 18 24
54 19 55
54 20 9
54 21 36
54 22 3
54 23 31
54 24 52
54 25 19
54 26 47
54 27 37
54 28 59
54 29 10
54 30 49
54 31 0
54 32 22
54 33 12
54 34 40
54 35 7
54 36 28
54 37 56
54 38 23
54 39 50
54 40 4
54 41 35
54 42 13
54 43 53
54 44 11
54 45 25
54 46 1
54 47 16
54 48 41
54 49 17
54 50 32
54 51 26
54 52 44
54 53 8
54 54 38
54 55 2
54 56 20
54 57 14
54 58 29
54 59 5
55 0 55
55 1 31
55 2 46
55 3 40
55 4 59
55 5 22
55 6 53
55 7 16
55 8 35
55 9 29
55 10 44
55 11 20
55 12 42
55 13 57
55 14 33
55 15 49
55 16 7
55 17 47
55 18 25
55 19 56
55 20 11
55 21 38
55 22 5
55 23 32
55 24 51
55 25 18
55 26 45
55 27 36
55 28 58
55 29 9
55 30 50
55 31 1
55 32 23
55 33 14
55 34 41
55 35 8
55 36 27
55 37 54
55 38 21
55 39 48
55 40 3
55 41 34
55 42 12
55 43 52
55 44 10
55 45 26
55 46 2
55 47 17
55 48 39
55 49 15
55 50 30
55 51 24
55 52 43
55 53 6
55 54 37
55 55 0
55 56 19
55 57 13
55 58 28
55 59 4
56 0 56
56 1 32
56 2 47
56 3 41
56 4 58
56 5 23
56 6 52
56 7 17
56 8 34
56 9 28
56 10 43
56 11 19
56 12 44
56 13 59
56 14 35
56 15 50
56 16 8
56 17 45
56 18 26
56 19 54
56 20 10
56 21 37
56 22 4
56 23 30
56 24 53
56 25 20
56 26 46
56 27 38
56 28 57
56 29 11
56 30 48
56 31 2
56 32 21
56 33 13
56 34 39
56 35 6
56 36 29
56 37 55
56 38 22
56 39 49
56 40 5
56 41 33
56 42 14
56 43 51
56 44 9
56 45 24
56 46 0
56 47 15
56 48 40
56 49 16
56 50 31
56 51 25
56 52 42
56 53 7
56 54 36
56 55 1
56 56 18
56 57 12
56 58 27
56 59 3
57 0 57
57 1 33
57 2 42
57 3 45
57 4 51
57 5 18
57 6 54
57 7 21
57 8 27
57 9 30
57 10 39
57 11 15
57 12 46
57 13 55
57 14 31
57 15 58
57 16 9
57 17 36
57 18 34
57 19 48
57 20 3
57 21 43
57 22 6
57 23 24
57 24 59
57 25 22
57 26 40
57 27 47
57 28 49
57 29 7
57 30 52
57 31 10
57 32 12
57 33 19
57 34 37
57 35 0
57 36 35
57 37 53
57 38 16
57 39 56
57 40 11
57 41 25
57 42 23
57 43 50
57 44 1
57 45 28
57 46 4
57 47 13
57 48 44
57 49 20
57 50 29
57 51 32
57 52 38
57 53 5
57 54 41
57 55 8
57 56 14
57 57 17
57 58 26
57 59 2
58 0 58
58 1 34
58 2 43
58 3 47
58 4 52
58 5 19
58 6 56
58 7 23
58 8 28
58 9 32
58 10 41
58 11 17
58 12 45
58 13 54
58 14 30
58 15 59
58 16 10
58 17 37
58 18 35
58 19 50
58 20 4
58 21 44
58 22 8
58 23 26
58 24 57
58 25 21
58 26 39
58 27 46
58 28 48
58 29 6
58 30 53
58 31 11
58 32 13
58 33 20
58 34 38
58 35 2
58 36 33
58 37 51
58 38 15
58 39 55
58 40 9
58 41 24
58 42 22
58 43 49
58 44 0
58 45 29
58 46 5
58 47 14
58 48 42
58 49 18
58 50 27
58 51 31
58 52 36
58 53 3
58 54 40
58 55 7
58 56 12
58 57 16
58 58 25
58 59 1
59 0 59
59 1 35
59 2 44
59 3 46
59 4 53
59 5 20
59 6 55
59 7 22
59 8 29
59 9 31
59 10 40
59 11 16
59 12 47
59 13 56
59 14 32
59 15 57
59 16 11
59 17 38
59 18 33
59 19 49
59 20 5
59 21 42
59 22 7
59 23 25
59 24 58
59 25 23
59 26 41
59 27 45
59 28 50
59 29 8
59 30 51
59 31 9
59 32 14
59 33 18
59 34 36
59 35 1
59 36 34
59 37 52
59 38 17
59 39 54
59 40 10
59 41 26
59 42 21
59 43 48
59 44 2
59 45 27
59 46 3
59 47 12
59 48 43
59 49 19
59 50 28
59 51 30
59 52 37
59 53 4
59 54 39
59 55 6
59 56 13
59 57 15
59 58 24
59 59 0
0
0 26 25
1 29 44
2 21 43
3 56 15
4 25 39
5 17 2
6 2 30
7 20 36
8 50 15
9 33 19
10 30 6
11 25 56
12 0 45
13 3 46
14 18 5
15 29 56
16 25 6
17 4 15
18 42 56
19 23 5
20 0 25
21 49 26
22 26 29
23 16 5
24 0 0
25 1 59
26 44 38
27 41 30
28 29 28
29 1 1
30 35 39
31 57 50
32 29 10
33 18 11
34 58 18
35 39 28
36 37 22
37 25 51
38 28 27
39 48 26
40 9 20
41 58 12
42 5 57
43 15 23
44 36 52
45 41 2
46 57 58
47 9 41
48 7 11
49 9 51
50 15 44
51 58 27
52 0 49
53 55 6
54 33 17
55 6 22
56 55 42
57 37 29
58 36 13
59 45 30
60 4 31
61 39 31
62 15 39
63 36 56
64 38 14
65 6 50
66 28 16
67 22 6
68 13 41
69 18 32
70 13 0
71 8 9
72 12 35
73 43 15
74 14 28
75 54 41
76 3 15
77 36 8
78 8 58
79 44 4
80 41 22
81 14 51
82 53 21
83 10 5
84 1 49
85 37 54
86 56 51
87 54 55
88 45 3
89 51 58
90 53 42
91 26 21
92 5 50
93 48 43
94 54 1
95 28 17
96 1 21
97 0 10
98 40 6
99 26 35
100 3 41
101 52 20
102 43 7
103 19 36
104 23 21
105 0 40
106 44 2
107 19 48
108 22 3
109 48 8
110 55 35
111 21 48
112 58 17
113 57 41
114 59 42
115 6 23
116 39 42
117 56 46
118 24 28
119 10 20
120 16 39
121 11 8
122 39 53
123 13 47
124 9 15
125 28 21
126 28 26
127 38 6
128 15 20
129 8 34
130 1 50
131 14 24
132 6 54
133 59 24
134 24 48
135 12 53
136 18 15
137 49 1
138 34 0
139 15 55
140 17 54
141 14 28
142 40 55
143 5 12
144 48 41
145 18 57
146 33 8
147 23 52
148 26 6
149 26 35
150 55 14
151 39 21
152 10 27
153 11 10
154 3 16
155 33 54
156 24 45
157 36 7
158 23 22
159 22 8
160 25 22
161 54 4
162 27 39
163 59 26
164 55 36
165 1 18
166 0 2
167 30 25
168 27 23
169 30 44
170 56 36
171 6 56
172 50 56
173 57 9
174 47 35
175 47 59
176 29 16
177 6 48
178 51 5
179 33 17
180 31 3
181 34 35
182 28 26
183 39 24
184 19 10
185 57 40
186 37 12
187 0 12
188 21 14
189 22 11
190 29 48
191 4 37
192 8 24
193 3 8
194 55 25
195 20 6
196 39 21
197 18 42
198 27 26
199 17 26
200 5 46
201 54 53
202 31 39
203 15 24
204 2 11
205 44 7
206 56 41
207 45 2
208 6 11
209 24 17
210 40 6
211 3 29
212 49 55
213 0 23
214 27 28
215 7 44
216 43 57
217 20 14
218 40 55
219 30 28
220 52 19
221 4 30
222 42 43
223 14 54
224 26 36
225 6 40
226 55 10
227 37 26
228 27 2
229 49 16
230 32 30
231 39 5
232 13 34
233 13 42
234 52 33
235 39 34
236 57 37
237 48 44
238 51 22
239 57 27
240 33 15
241 5 47
242 4 55
243 15 34
244 38 53
245 10 14
246 26 41
247 40 54
248 36 47
249 4 13
250 16 55
251 36 16
252 21 22
253 0 5
254 43 55
255 21 13
256 9 52
257 24 27
258 15 50
259 27 26
260 3 28
261 56 27
262 23 23
263 10 36
264 9 12
265 13 23
266 43 58
267 54 5
268 54 51
269 11 52
270 32 47
271 45 28
272 51 3
273 28 6
274 13 58
275 12 57
276 21 5
277 45 1
278 52 21
279 41 52
280 34 48
281 40 28
282 50 6
283 51 25
284 34 6
285 45 55
286 17 14
287 9 39
288 0 15
289 20 15
290 34 5
291 16 2
292 46 2
293 1 4
294 2 4
295 15 8
296 27 10
297 39 12
298 11 41
299 16 38
300 1 22
301 56 27
302 31 29
303 51 10
304 16 10
305 50 16
306 29 28
307 9 57
308 2 56
309 45 52
310 3 39
311 37 5
312 2 40
313 8 0
314 52 23
315 23 31
316 15 55
317 59 19
318 26 13
319 55 35
320 22 13
321 14 26
322 51 52
323 45 30
324 12 57
325 14 46
326 11 34
327 44 33
328 12 2
329 16 51
330 20 50
331 25 53
332 24 59
333 41 56
334 21 56
335 46 42
336 43 11
337 56 25
338 56 23
339 17 5
340 49 37
341 7 43
342 16 40
343 58 16
344 31 17
345 21 31
346 56 28
347 24 24
348 18 19
349 9 49
350 46 46
351 9 35
352 7 26
353 18 34
354 54 43
355 40 10
356 57 9
357 53 21
358 18 48
359 57 15
360 19 20
361 25 56
362 26 1
363 2 18
364 24 34
365 58 1
366 57 36
367 40 28
368 35 46
369 20 22
370 5 44
371 44 52
372 25 54
373 5 32
374 39 43
375 58 12
376 47 17
377 8 0
378 55 1
379 24 12
380 10 9
381 53 44
382 28 50
383 58 39
384 3 55
385 28 0
386 38 7
387 3 50
388 16 43
389 18 53
390 31 7
391 36 1
392 37 14
393 45 46
394 11 11
395 43 10
396 46 56
397 25 1
398 53 15
399 45 36
400 34 32
401 46 2
402 2 4
403 17 33
404 33 30
405 39 20
406 15 52
407 54 36
408 46 52
409 23 45
410 26 42
411 29 13
412 36 22
413 23 24
414 40 51
415 32 15
416 47 22
417 35 22
418 27 57
419 13 58
420 53 7
421 48 0
422 54 16
423 13 11
424 43 15
425 52 48
426 48 17
427 46 45
428 39 23
429 38 34
430 31 10
431 10 44
432 20 0
433 55 34
434 46 23
435 10 6
436 26 33
437 45 39
438 58 55
439 43 55
440 53 35
441 28 3
442 39 29
443 54 0
444 6 19
445 24 21
446 35 23
447 2 11
448 17 50
449 17 21
450 30 50
451 39 24
452 32 40
453 49 17
454 9 39
455 25 21
456 32 11
457 19 24
458 26 42
459 37 18
460 54 38
461 6 0
462 18 2
463 15 31
464 25 10
465 55 10
466 27 53
467 30 8
468 7 21
469 57 5
470 2 50
471 13 57
472 49 47
473 34 43
474 55 40
475 28 14
476 4 15
477 29 13
478 45 12
479 52 35
480 50 33
481 46 40
482 43 51
483 13 32
484 43 32
485 50 7
486 30 25
487 5 9
488 15 28
489 7 57
490 23 30
491 46 29
492 43 39
493 45 26
494 21 23
495 1 1
496 37 20
497 24 21
498 39 38
499 24 0
500 7 42
501 32 37
502 12 32
503 21 20
504 33 59
505 10 30
506 33 1
507 30 20
508 34 21
509 13 52
510 7 9
511 0 58
512 42 18
513 5 45
514 10 33
515 29 2
516 13 4
517 29 16
518 7 49
519 20 25
520 30 23
521 43 13
522 59 55
523 43 50
524 17 51
525 37 39
526 19 39
527 24 32
528 4 2
529 35 44
530 24 17
531 17 30
532 4 11
533 49 24
534 32 22
535 9 17
536 15 31
537 40 30
538 23 38
539 32 35
540 39 18
541 11 54
542 58 5
543 41 52
544 22 52
545 0 21
546 48 55
547 34 48
548 30 25
549 22 26
550 41 16
551 25 3
552 3 8
553 56 56
554 49 41
555 58 47
556 50 48
557 6 43
558 54 12
559 33 2
560 4 39
561 57 8
562 15 45
563 31 44
564 53 10
565 35 34
566 30 35
567 30 43
568 10 42
569 58 32
570 24 13
571 33 44
572 23 47
573 8 7
574 58 30
575 45 47
576 9 25
577 28 8
578 50 17
579 14 23
580 11 23
581 15 26
582 44 50
583 39 43
584 39 57
585 50 33
586 28 20
587 50 14
588 50 3
589 28 5
590 43 19
591 18 40
592 0 27
593 23 32
594 58 50
595 31 3
596 12 38
597 57 58
598 15 47
599 7 3
600 34 38
601 2 12
602 38 34
603 50 41
604 42 11
605 44 19
606 48 21
607 5 10
608 3 27
609 23 56
610 10 36
611 24 37
612 48 44
613 29 3
614 10 39
615 17 55
616 49 54
617 37 45
618 50 46
619 30 29
620 53 29
621 49 40
622 49 6
623 0 28
624 4 5
625 44 4
626 35 34
627 24 48
628 45 6
629 5 35
630 31 9
631 39 25
632 16 2
633 37 17
634 11 51
635 1 48
636 3 24
637 16 56
638 11 32
639 38 29
640 53 49
641 22 17
642 38 50
643 44 57
644 50 37
645 7 16
646 21 47
647 2 5
648 30 19
649 15 36
650 55 54
651 3 17
652 52 45
653 19 5
654 29 32
655 13 29
656 4 41
657 36 41
658 55 23
659 9 29
660 36 42
661 50 47
662 50 18
663 26 56
664 43 25
665 34 20
666 7 55
667 18 48
668 15 3
669 6 52
670 59 28
671 58 52
672 52 3
673 53 41
674 53 26
675 41 41
676 53 29
677 18 37
678 35 48
679 47 52
680 1 41
681 2 18
682 38 35
683 55 34
684 25 43
685 19 35
686 55 14
687 54 44
688 59 35
689 17 34
690 26 16
691 10 55
692 56 25
693 49 35
694 29 21
695 22 22
696 5 38
697 25 9
698 52 24
699 34 4
700 15 41
701 40 32
702 28 56
703 50 45
704 8 51
705 4 24
706 11 14
707 39 47
708 40 32
709 47 15
710 25 14
711 11 3
712 40 27
713 12 26
714 8 42
715 24 39
716 32 30
717 34 19
718 2 5
719 56 25
720 13 59
721 26 22
722 43 59
723 18 4
724 30 13
725 16 30
726 51 54
727 36 29
728 29 9
729 14 37
730 23 30
731 22 55
732 17 3
733 55 43
734 15 53
735 11 29
736 45 29
737 25 33
738 3 18
739 22 30
740 58 52
741 45 23
742 36 46
743 12 16
744 44 47
745 11 36
746 38 48
747 41 23
748 4 48
749 42 3
750 10 23
751 35 51
752 50 30
753 0 48
754 45 17
755 45 27
756 14 37
757 30 30
758 21 25
759 22 31
760 37 35
761 11 12
762 21 57
763 46 14
764 8 0
765 25 1
766 8 50
767 47 23
768 33 28
769 18 36
770 20 45
771 50 0
772 8 11
773 10 31
774 59 34
775 18 55
776 15 11
777 38 52
778 12 9
779 56 30
780 32 44
781 22 13
782 44 18
783 37 50
784 47 56
785 27 7
786 20 6
787 19 38
788 48 42
789 34 34
790 46 45
791 27 4
792 21 47
793 52 26
794 19 37
795 10 12
796 20 19
797 15 30
798 41 2
799 18 24
800 27 24
801 44 38
802 36 26
803 53 33
804 47 51
805 29 18
806 8 7
807 19 2
808 15 55
809 35 48
810 17 27
811 44 41
812 5 8
813 15 30
814 5 48
815 10 57
816 33 13
817 55 42
818 33 39
819 4 14
820 48 50
821 19 43
822 0 7
823 15 14
824 54 4
825 51 11
826 4 33
827 35 34
828 22 20
829 53 8
830 34 54
831 1 38
832 3 7
833 21 58
834 4 26
835 41 15
836 53 51
837 27 8
838 39 57
839 19 59
840 26 6
841 43 20
842 44 19
843 42 10
844 9 38
845 57 44
846 11 27
847 31 2
848 58 4
849 47 1
850 46 44
851 26 35
852 19 6
853 29 36
854 25 50
855 18 47
856 41 41
857 59 27
858 24 56
859 19 38
860 26 47
861 47 36
862 37 44
863 8 27
864 20 53
865 41 16
866 23 49
867 36 38
868 22 1
869 31 37
870 6 31
871 58 1
872 41 37
873 9 32
874 44 13
875 43 16
876 37 9
877 16 13
878 3 19
879 42 6
880 29 15
881 36 54
882 38 51
883 39 22
884 0 49
885 50 15
886 32 37
887 34 12
888 54 34
889 0 45
890 18 48
891 40 27
892 37 3
893 54 14
894 31 34
895 53 48
896 40 0
897 4 12
898 9 25
899 14 57
900 54 1
901 6 36
902 24 13
903 10 28
904 1 37
905 50 30
906 27 27
907 33 16
908 11 51
909 54 54
910 23 55
911 50 5
912 32 52
913 5 2
914 20 49
915 18 30
916 11 22
917 21 12
918 47 39
919 58 3
920 43 32
921 11 42
922 46 19
923 28 55
924 34 49
925 9 59
926 22 48
927 50 38
928 59 4
929 42 8
930 54 19
931 22 2
932 59 8
933 34 12
934 27 8
935 12 23
936 50 21
937 39 11
938 35 52
939 19 34
940 55 30
941 54 27
942 25 32
943 29 30
944 36 53
945 44 30
946 43 1
947 23 36
948 43 9
949 51 37
950 42 10
951 6 23
952 46 45
953 21 13
954 9 0
955 29 34
956 33 51
957 58 13
958 49 46
959 50 11
960 29 11
961 27 44
962 23 5
963 27 44
964 46 21
965 42 59
966 7 15
967 21 24
968 8 3
969 55 12
970 25 47
971 33 55
972 25 47
973 50 4
974 30 22
975 37 6
976 3 55
977 44 42
978 29 35
979 49 15
980 50 39
981 4 40
982 10 14
983 21 39
984 51 4
985 20 18
986 39 19
987 24 7
988 26 1
989 59 50
990 29 28
991 16 53
992 28 47
993 45 28
994 17 58
995 45 40
996 38 57
997 42 34
998 37 9
999 1 25
1000 31 58
1001 6 30
1002 28 20
1003 20 53
1004 26 39
1005 15 45
1006 32 55
1007 14 44
1008 41 9
1009 39 34
1010 56 50
1011 31 12
1012 26 34
1013 22 5
1014 44 37
1015 58 9
1016 26 33
1017 33 14
1018 49 6
1019 49 20
1020 2 42
1021 18 5
1022 8 17
1023 42 55
1024 42 21
1025 1 11
1026 35 28
1027 56 39
1028 1 22
1029 29 47
1030 21 53
1031 7 28
1032 1 42
1033 57 56
1034 39 24
1035 36 57
1036 43 4
1037 40 23
1038 51 6
1039 37 38
1040 39 30
1041 50 31
1042 26 6
1043 15 59
1044 33 43
1045 28 28
1046 32 26
1047 33 58
1048 24 33
1049 43 15
1050 51 15
1051 31 57
1052 49 38
1053 23 47
1054 47 44
1055 4 7
1056 39 44
1057 14 30
1058 53 38
1059 36 59
1060 57 36
1061 38 43
1062 53 8
1063 17 0
1064 7 42
1065 5 13
1066 26 50
1067 20 50
1068 28 9
1069 10 56
1070 56 40
1071 23 28
1072 10 53
1073 31 10
1074 36 57
1075 9 33
1076 38 22
1077 44 20
1078 44 11
1079 22 34
1080 39 6
1081 57 45
1082 55 27
1083 26 43
1084 35 52
1085 47 38
1086 32 18
1087 49 36
1088 35 4
1089 42 6
1090 44 16
1091 54 42
1092 31 34
1093 29 55
1094 16 12
1095 21 59
1096 43 40
1097 37 59
1098 44 10
1099 26 41
1100 52 17
1101 57 39
1102 39 22
1103 42 4
1104 49 6
1105 55 36
1106 27 50
1107 2 55
1108 28 1
1109 0 23
1110 53 31
1111 46 10
1112 46 56
1113 13 1
1114 50 31
1115 40 39
1116 2 8
1117 34 33
1118 18 53
1119 48 22
1120 4 25
1121 33 19
1122 47 51
1123 54 13
1124 43 46
1125 5 58
1126 4 1
1127 48 51
1128 18 53
1129 46 55
1130 7 13
1131 39 20
1132 56 17
1133 4 43
1134 23 26
1135 24 48
1136 43 52
1137 27 56
1138 58 18
1139 0 10
1140 48 5
1141 49 43
1142 13 9
1143 45 15
1144 4 0
1145 32 58
1146 25 33
1147 9 26
1148 41 16
1149 32 2
1150 21 37
1151 52 53
1152 43 52
1153 51 26
1154 12 13
1155 52 24
1156 30 40
1157 20 1
1158 12 3
1159 49 8
1160 30 49
1161 46 57
1162 23 10
1163 28 43
1164 56 52
1165 40 10
1166 49 3
1167 39 56
1168 9 45
1169 57 52
1170 44 56
1171 6 2
1172 37 38
1173 23 52
1174 57 53
1175 57 23
1176 48 26
1177 36 1
1178 20 2
1179 54 10
1180 51 57
1181 20 23
1182 49 20
1183 31 25
1184 36 35
1185 40 34
1186 37 0
1187 13 10
1188 39 57
1189 12 37
1190 57 10
1191 56 54
1192 30 16
1193 57 53
1194 25 16
1195 22 53
1196 15 42
1197 7 56
1198 25 8
1199 20 37
1200 8 52
1201 42 40
1202 15 23
1203 58 4
1204 7 37
1205 54 19
1206 54 39
1207 50 51
1208 11 52
1209 21 26
1210 29 23
1211 39 12
1212 4 48
1213 27 24
1214 59 6
1215 42 50
1216 21 13
1217 45 8
1218 29 54
1219 42 33
1220 23 29
1221 37 9
1222 50 38
1223 10 3
1224 6 2
1225 29 29
1226 21 16
1227 0 23
1228 47 50
1229 18 15
1230 47 43
1231 14 13
1232 52 16
1233 23 49
1234 43 28
1235 7 52
1236 50 42
1237 43 53
1238 22 37
1239 18 58
1240 35 26
1241 25 33
1242 13 45
1243 36 6
1244 24 27
1245 13 56
1246 7 25
1247 0 17
1248 57 47
1249 2 3
1250 0 9
1251 26 48
1252 30 0
1253 2 42
1254 29 7
1255 45 33
1256 24 56
1257 27 1
1258 9 32
1259 26 22
1260 20 51
1261 38 5
1262 25 56
1263 27 35
1264 34 37
1265 5 49
1266 35 3
1267 20 42
1268 37 1
1269 25 7
1270 39 59
1271 23 55
1272 20 15
1273 23 25
1274 12 32
1275 4 14
1276 44 34
1277 51 21
1278 19 54
1279 23 53
1280 7 42
1281 24 4
1282 39 27
1283 13 44
1284 18 22
1285 3 17
1286 7 13
1287 54 35
1288 1 6
1289 46 48
1290 13 41
1291 34 38
1292 0 57
1293 35 24
1294 45 14
1295 1 15
1296 49 20
1297 10 11
1298 54 13
1299 9 51
1300 48 44
1301 17 24
1302 48 31
1303 53 43
1304 27 41
1305 6 41
1306 35 56
1307 10 57
1308 0 8
1309 39 44
1310 49 42
1311 27 47
1312 44 14
1313 41 27
1314 5 54
1315 55 58
1316 44 24
1317 33 49
1318 18 51
1319 44 34
1320 36 23
1321 49 16
1322 11 5
1323 59 59
1324 16 38
1325 16 15
1326 45 4
1327 59 24
1328 8 46
1329 55 18
1330 39 50
1331 57 32
1332 38 10
1333 20 35
1334 28 25
1335 59 42
1336 47 43
1337 45 6
1338 5 24
1339 18 53
1340 16 54
1341 41 54
1342 5 5
1343 9 15
1344 10 57
1345 58 0
1346 21 29
1347 8 55
1348 46 1
1349 6 12
1350 16 23
1351 53 50
1352 31 5
1353 11 51
1354 59 39
1355 6 59
1356 37 10
1357 42 27
1358 10 12
1359 23 23
1360 48 22
1361 18 19
1362 45 30
1363 10 10
1364 59 29
1365 48 44
1366 59 55
1367 5 18
1368 17 1
1369 37 30
1370 17 3
1371 47 58
1372 36 21
1373 26 20
1374 33 29
1375 28 14
1376 0 37
1377 33 14
1378 37 53
1379 53 50
1380 45 30
1381 24 37
1382 47 2
1383 38 34
1384 57 10
1385 48 16
1386 37 25
1387 57 39
1388 27 38
1389 13 0
1390 15 26
1391 51 39
1392 7 40
1393 12 57
1394 42 8
1395 12 47
1396 22 40
1397 1 32
1398 6 13
1399 45 3
1400 1 8
1401 38 13
1402 59 32
1403 35 13
1404 59 13
1405 57 32
1406 0 29
1407 8 9
1408 8 22
1409 57 37
1410 53 32
1411 2 23
1412 48 8
1413 34 58
1414 27 49
1415 45 11
1416 37 25
1417 5 59
1418 7 17
1419 34 11
1420 51 48
1421 3 21
1422 46 31
1423 33 17
1424 11 2
1425 49 59
1426 10 42
1427 21 14
1428 36 57
1429 14 41
1430 58 38
1431 56 13
1432 12 1
1433 15 7
1434 55 56
1435 5 16
1436 45 54
1437 11 42
1438 35 3
1439 24 36
1440 17 0
1441 48 52
1442 6 57
1443 24 23
1444 0 47
1445 18 9
1446 12 1
1447 7 56
1448 24 35
1449 37 14
1450 29 3
1451 14 56
1452 37 45
1453 28 52
1454 33 18
1455 45 40
1456 55 56
1457 44 46
1458 40 34
1459 46 31
1460 33 45
1461 24 32
1462 39 12
1463 11 38
1464 9 39
1465 56 4
1466 55 55
1467 18 23
1468 23 40
1469 24 23
1470 40 18
1471 17 24
1472 53 51
1473 43 43
1474 58 38
1475 57 26
1476 6 10
1477 31 51
1478 51 59
1479 15 40
1480 24 27
1481 2 35
1482 39 58
1483 36 42
1484 7 4
1485 42 56
1486 5 22
1487 2 20
1488 26 4
1489 31 53
1490 5 58
1491 16 13
1492 30 28
1493 54 31
1494 35 14
1495 10 54
1496 36 34
1497 52 33
1498 1 16
1499 50 7
1500 35 20
1501 49 28
1502 9 37
1503 46 43
1504 51 37
1505 4 9
1506 54 13
1507 7 42
1508 24 26
1509 24 18
1510 28 44
1511 14 7
1512 48 31
1513 34 15
1514 49 19
1515 25 18
1516 2 36
1517 17 23
1518 0 45
1519 32 53
1520 51 8
1521 9 7
1522 18 9
1523 18 7
1524 28 7
1525 3 43
1526 18 51
1527 7 55
1528 42 6
1529 13 39
1530 38 3
1531 9 0
1532 47 38
1533 31 51
1534 42 17
1535 37 41
1536 16 33
1537 51 26
1538 56 30
1539 51 26
1540 26 29
1541 33 53
1542 55 50
1543 22 42
1544 1 1
1545 55 51
1546 49 26
1547 14 2
1548 58 24
1549 32 30
1550 55 33
1551 58 53
1552 20 23
1553 54 48
1554 38 49
1555 15 9
1556 41 55
1557 14 41
1558 5 41
1559 39 18
1560 18 29
1561 44 45
1562 44 47
1563 32 48
1564 6 3
1565 48 10
1566 16 54
1567 58 43
1568 15 46
1569 29 36
1570 37 47
1571 9 51
1572 42 22
1573 31 22
1574 49 2
1575 7 40
1576 43 17
1577 6 7
1578 38 37
1579 23 35
1580 18 6
1581 4 30
1582 23 50
1583 13 32
1584 34 24
1585 1 44
1586 7 28
1587 11 49
1588 48 19
1589 10 25
1590 23 58
1591 24 53
1592 24 29
1593 45 21
1594 28 51
1595 28 7
1596 2 37
1597 45 8
1598 48 1
1599 45 31
1600 39 51
1601 55 24
1602 11 42
1603 4 18
1604 12 10
1605 46 32
1606 4 4
1607 20 56
1608 14 21
1609 51 47
1610 34 3
1611 4 26
1612 32 1
1613 57 52
1614 28 15
1615 8 41
1616 23 15
1617 51 7
1618 43 6
1619 17 10
1620 39 27
1621 46 32
1622 56 19
1623 57 46
1624 59 21
1625 0 56
1626 19 39
1627 9 47
1628 55 43
1629 40 3
1630 42 17
1631 25 18
1632 22 8
1633 17 58
1634 30 27
1635 57 13
1636 31 34
1637 30 58
1638 8 13
1639 21 34
1640 46 33
1641 17 58
1642 12 24
1643 45 59
1644 31 8
1645 18 16
1646 57 33
1647 48 26
1648 25 19
1649 4 33
1650 53 36
1651 28 50
1652 40 24
1653 30 1
1654 25 26
1655 15 38
1656 29 55
1657 54 3
1658 2 30
1659 57 6
1660 1 14
1661 46 46
1662 51 3
1663 41 51
1664 11 39
1665 47 38
1666 11 34
1667 58 24
1668 54 20
1669 9 36
1670 26 3
1671 45 33
1672 10 10
1673 32 55
1674 59 35
1675 50 50
1676 8 55
1677 47 3
1678 4 40
1679 46 34
1680 5 19
1681 36 17
1682 17 22
1683 9 11
1684 54 41
1685 41 17
1686 44 21
1687 59 3
1688 49 20
1689 6 9
1690 3 16
1691 24 32
1692 32 50
1693 26 1
1694 14 47
1695 20 26
1696 16 27
1697 34 33
1698 10 52
1699 38 21
1700 0 20
1701 33 52
1702 57 14
1703 27 40
1704 25 56
1705 5 38
1706 56 6
1707 55 4
1708 44 30
1709 14 48
1710 15 26
1711 24 24
1712 25 38
1713 5 48
1714 0 49
1715 53 22
1716 30 9
1717 5 38
1718 9 51
1719 12 49
1720 44 45
1721 5 17
1722 29 1
1723 44 54
1724 1 43
1725 57 41
1726 37 32
1727 56 9
1728 8 47
1729 28 26
1730 47 6
1731 30 21
1732 35 3
1733 2 36
1734 39 54
1735 42 54
1736 40 22
1737 52 15
1738 56 35
1739 0 27
1740 46 31
1741 6 31
1742 47 13
1743 20 20
1744 16 55
1745 39 19
1746 20 45
1747 27 47
1748 6 8
1749 6 59
1750 50 58
1751 47 0
1752 32 30
1753 8 21
1754 54 58
1755 48 3
1756 53 2
1757 54 53
1758 26 18
1759 46 2
1760 25 40
1761 19 45
1762 5 34
1763 12 7
1764 36 12
1765 0 32
1766 38 38
1767 50 49
1768 44 19
1769 8 6
1770 7 57
1771 5 50
1772 43 8
1773 52 49
1774 43 4
1775 17 6
1776 31 0
1777 21 59
1778 40 30
1779 35 24
1780 14 57
1781 51 25
1782 24 38
1783 23 34
1784 17 2
1785 49 54
1786 30 39
1787 34 6
1788 44 30
1789 36 23
1790 1 16
1791 14 52
1792 45 52
1793 31 47
1794 13 38
1795 55 58
1796 42 51
1797 39 40
1798 7 53
1799 29 34
1800 21 8
1801 57 14
1802 51 17
1803 49 10
1804 38 2
1805 27 52
1806 28 23
1807 45 19
1808 52 48
1809 0 31
1810 6 35
1811 17 7
1812 2 0
1813 22 36
1814 31 57
1815 57 29
1816 29 39
1817 10 17
1818 44 14
1819 48 22
1820 42 37
1821 56 51
1822 32 1
1823 11 45
1824 23 15
1825 30 20
1826 34 46
1827 56 28
1828 50 57
1829 58 57
1830 45 13
1831 18 58
1832 28 37
1833 47 40
1834 37 25
1835 34 4
1836 30 55
1837 26 22
1838 12 8
1839 9 59
1840 47 45
1841 22 3
1842 26 56
1843 20 55
1844 1 31
1845 12 58
1846 37 20
1847 39 44
1848 57 29
1849 48 48
1850 33 25
1851 58 51
1852 48 12
1853 55 6
1854 6 53
1855 8 47
1856 29 0
1857 46 37
1858 48 6
1859 39 12
1860 31 12
1861 39 18
1862 31 47
1863 6 46
1864 27 16
1865 50 35
1866 11 48
1867 39 10
1868 28 10
1869 55 0
1870 58 20
1871 51 6
1872 14 10
1873 18 59
1874 32 29
1875 15 47
1876 30 11
1877 6 33
1878 12 31
1879 39 48
1880 3 22
1881 33 34
1882 57 37
1883 32 44
1884 17 10
1885 10 26
1886 13 59
1887 49 47
1888 31 43
1889 48 40
1890 27 14
1891 19 36
1892 53 54
1893 9 0
1894 29 8
1895 43 24
1896 9 53
1897 30 13
1898 25 28
1899 40 28
1900 22 43
1901 7 23
1902 12 44
1903 10 9
1904 27 8
1905 20 13
1906 48 55
1907 6 21
1908 47 55
1909 2 2
1910 59 51
1911 12 26
1912 44 23
1913 47 57
1914 55 56
1915 7 17
1916 36 4
1917 39 2
1918 49 35
1919 4 27
1920 57 43
1921 4 31
1922 45 8
1923 50 57
1924 18 57
1925 20 37
1926 43 40
1927 17 31
1928 46 0
1929 16 25
1930 49 10
1931 33 33
1932 38 2
1933 55 1
1934 18 33
1935 52 48
1936 34 23
1937 42 28
1938 13 24
1939 54 38
1940 18 5
1941 17 32
1942 3 43
1943 45 21
1944 7 33
1945 28 56
1946 42 48
1947 46 21
1948 43 46
1949 10 31
1950 44 19
1951 20 8
1952 54 10
1953 29 26
1954 44 10
1955 1 46
1956 55 0
1957 56 0
1958 20 20
1959 45 39
1960 6 56
1961 26 23
1962 20 11
1963 38 24
1964 48 49
1965 55 1
1966 53 4
1967 40 9
1968 28 18
1969 9 5
1970 48 59
1971 3 56
1972 11 53
1973 27 59
1974 23 30
1975 52 40
1976 6 23
1977 58 25
1978 58 52
1979 11 23
1980 13 29
1981 36 34
1982 2 30
1983 0 7
1984 37 33
1985 44 10
1986 31 2
1987 56 29
1988 59 55
1989 57 52
1990 0 7
1991 18 16
1992 36 20
1993 3 7
1994 18 13
1995 10 21
1996 46 56
1997 7 5
1998 26 8
1999 24 49
2000 34 12
2001 25 11
2002 10 13
2003 8 56
2004 44 26
2005 41 20
2006 39 47
2007 43 53
2008 53 43
2009 45 41
2010 41 47
2011 8 59
2012 39 22
2013 17 38
2014 10 27
2015 32 14
2016 34 3
2017 9 55
2018 10 36
2019 13 6
2020 53 51
2021 51 14
2022 50 54
2023 47 27
2024 45 7
2025 10 20
2026 4 34
2027 51 26
2028 6 50
2029 5 35
2030 13 24
2031 1 34
2032 51 5
2033 37 9
2034 2 50
2035 42 12
2036 13 57
2037 46 9
2038 17 16
2039 6 3
2040 57 4
2041 23 8
2042 54 33
2043 50 7
2044 50 56
2045 55 1
2046 55 43
2047 28 18
2048 33 10
2049 49 3
2050 41 24
2051 56 59
2052 16 13
2053 12 13
2054 14 14
2055 13 52
2056 58 45
2057 56 2
2058 46 19
2059 54 52
2060 13 59
2061 38 51
2062 20 46
2063 15 0
2064 19 21
2065 35 32
2066 39 0
2067 55 20
2068 46 46
2069 50 17
2070 32 17
2071 20 52
2072 31 33
2073 36 42
2074 9 25
2075 43 3
2076 52 32
2077 40 42
2078 34 48
2079 0 55
2080 36 50
2081 51 58
2082 35 24
2083 59 50
2084 52 43
2085 21 29
2086 18 14
2087 15 23
2088 29 40
2089 31 33
2090 12 0
2091 58 43
2092 15 36
2093 48 17
2094 2 58
2095 52 50
2096 12 15
2097 0 7
2098 23 10
2099 32 35
2100 50 43
2101 16 38
2102 55 28
2103 6 13
2104 10 15
2105 29 47
2106 6 5
2107 7 20
2108 10 33
2109 52 10
2110 12 25
2111 48 10
2112 13 13
2113 29 35
2114 20 13
2115 29 2
2116 16 52
2117 53 19
2118 27 32
2119 33 4
2120 40 5
2121 52 7
2122 43 43
2123 30 48
2124 19 49
2125 38 12
2126 34 42
2127 8 12
2128 44 18
2129 28 14
2130 24 5
2131 19 39
2132 55 47
2133 11 39
2134 38 42
2135 15 52
2136 58 24
2137 3 11
2138 40 55
2139 6 17
2140 54 43
2141 13 21
2142 59 0
2143 16 44
2144 37 4
2145 5 47
2146 22 13
2147 17 58
2148 4 52
2149 22 46
2150 52 22
2151 10 2
2152 48 23
2153 2 57
2154 8 29
2155 27 32
2156 48 13
2157 9 54
2158 35 6
2159 31 43
2160 29 46
2161 41 46
2162 37 22
2163 46 38
2164 40 9
2165 24 47
2166 36 48
2167 55 6
2168 37 11
2169 10 16
2170 1 5
2171 26 47
2172 43 7
2173 34 58
2174 22 22
2175 23 52
2176 0 52
2177 42 29
2178 42 3
2179 52 36
2180 47 4
2181 3 12
2182 30 51
2183 52 26
2184 25 28
2185 17 3
2186 48 0
2187 1 4
2188 36 30
2189 37 11
2190 11 33
2191 31 49
2192 29 55
2193 17 11
2194 23 13
2195 22 22
2196 49 19
2197 53 25
2198 16 13
2199 34 40
2200 30 54
2201 21 17
2202 7 48
2203 13 41
2204 25 44
2205 49 5
2206 33 45
2207 44 50
2208 59 31
2209 47 43
2210 7 14
2211 21 38
2212 52 34
2213 43 32
2214 8 44
2215 58 16
2216 1 48
2217 46 26
2218 26 40
2219 48 1
2220 1 35
2221 53 25
2222 30 34
2223 58 52
2224 44 25
2225 59 29
2226 9 41
2227 46 22
2228 51 56
2229 18 40
2230 41 24
2231 2 14
2232 46 11
2233 50 39
2234 3 52
2235 19 12
2236 12 17
2237 55 3
2238 55 34
2239 52 21
2240 2 13
2241 32 50
2242 26 10
2243 51 39
2244 6 38
2245 25 24
2246 14 34
2247 22 16
2248 52 7
2249 23 16
2250 59 41
2251 33 39
2252 24 25
2253 47 18
2254 20 30
2255 6 27
2256 34 12
2257 24 12
2258 12 25
2259 58 4
2260 50 42
2261 10 42
2262 19 26
2263 48 47
2264 7 16
2265 21 28
2266 28 9
2267 30 42
2268 11 44
2269 39 9
2270 10 16
2271 20 44
2272 45 45
2273 16 2
2274 41 49
2275 8 13
2276 29 4
2277 12 52
2278 46 6
2279 2 43
2280 25 25
2281 20 27
2282 20 38
2283 51 34
2284 18 40
2285 30 42
2286 57 18
2287 57 14
2288 39 7
2289 54 48
2290 52 25
2291 45 54
2292 34 25
2293 18 23
2294 41 29
2295 44 58
2296 16 48
2297 41 5
2298 4 6
2299 22 17
2300 2 17
2301 17 8
2302 52 36
2303 56 20
2304 28 38
2305 20 35
2306 39 21
2307 33 19
2308 4 54
2309 55 27
2310 51 19
2311 49 57
2312 16 0
2313 51 8
2314 23 46
2315 6 2
2316 46 3
2317 56 9
2318 31 1
2319 12 40
2320 24 29
2321 0 27
2322 14 29
2323 43 13
2324 52 24
2325 17 6
2326 10 26
2327 5 3
2328 39 44
2329 59 55
2330 6 29
2331 42 23
2332 9 58
2333 35 31
2334 37 20
2335 42 57
2336 19 6
2337 23 28
2338 40 43
2339 1 31
2340 22 20
2341 12 30
2342 49 45
2343 51 8
2344 11 33
2345 51 36
2346 24 39
2347 6 52
2348 41 21
2349 16 53
2350 18 25
2351 12 27
2352 48 50
2353 29 16
2354 22 37
2355 59 0
2356 23 33
2357 27 47
2358 24 39
2359 55 47
2360 45 19
2361 42 20
2362 9 7
2363 1 49
2364 4 46
2365 33 44
2366 9 14
2367 31 40
2368 51 26
2369 42 59
2370 2 31
2371 35 44
2372 59 39
2373 47 4
2374 59 58
2375 32 2
2376 7 58
2377 31 15
2378 40 32
2379 35 53
2380 19 27
2381 14 0
2382 6 53
2383 44 0
2384 57 17
2385 21 44
2386 57 28
2387 11 30
2388 1 11
2389 35 57
2390 45 55
2391 28 42
2392 12 34
2393 41 13
2394 8 58
2395 24 56
2396 33 21
2397 26 51
2398 41 37
2399 47 47
2400 19 32
2401 21 15
2402 21 42
2403 28 52
2404 6 27
2405 45 16
2406 39 56
2407 4 29
2408 15 24
2409 30 44
2410 48 10
2411 10 32
2412 0 34
2413 29 44
2414 47 16
2415 11 17
2416 49 55
2417 40 16
2418 14 16
2419 52 3
2420 13 55
2421 36 44
2422 15 43
2423 20 59
2424 13 24
2425 35 59
2426 21 50
2427 2 24
2428 56 3
2429 6 0
2430 3 26
2431 12 35
2432 25 18
2433 42 28
2434 2 7
2435 53 27
2436 57 48
2437 4 27
2438 49 47
2439 49 37
2440 45 20
2441 31 51
2442 32 29
2443 42 16
2444 36 13
2445 35 51
2446 40 48
2447 41 9
2448 21 20
2449 53 35
2450 45 37
2451 12 53
2452 51 29
2453 27 47
2454 8 25
2455 17 8
2456 31 14
2457 45 8
2458 56 0
2459 52 3
2460 18 52
2461 30 16
2462 45 2
2463 13 57
2464 26 44
2465 5 35
2466 22 13
2467 52 2
2468 43 27
2469 0 38
2470 2 11
2471 27 22
2472 10 43
2473 21 44
2474 38 20
2475 6 28
2476 7 3
2477 56 16
2478 15 49
2479 40 14
2480 48 3
2481 43 49
2482 28 0
2483 42 46
2484 44 44
2485 1 58
2486 28 7
2487 23 35
2488 56 30
2489 21 20
2490 5 58
2491 21 32
2492 49 30
2493 10 50
2494 47 14
2495 16 35
2496 5 53
2497 31 40
2498 44 59
2499 53 55
2500 33 19
2501 1 54
2502 36 9
2503 41 55
2504 3 3
2505 18 56
2506 55 37
2507 48 53
2508 7 46
2509 17 23
2510 8 47
2511 21 0
2512 10 47
2513 10 18
2514 19 0
2515 8 28
2516 39 39
2517 57 29
2518 43 30
2519 44 10
2520 41 40
2521 47 6
2522 44 16
2523 49 17
2524 33 51
2525 46 12
2526 49 42
2527 32 15
2528 38 39
2529 33 14
2530 43 8
2531 17 39
2532 7 8
2533 34 47
2534 47 32
2535 50 16
2536 54 2
2537 29 36
2538 5 37
2539 31 8
2540 14 17
2541 52 3
2542 16 3
2543 14 11
2544 46 9
2545 2 1
2546 43 42
2547 56 41
2548 47 28
2549 19 18
2550 1 18
2551 37 40
2552 34 26
2553 29 35
2554 5 37
2555 23 30
2556 28 2
2557 41 47
2558 11 41
2559 35 53
2560 56 20
2561 43 16
2562 27 34
2563 59 28
2564 37 55
2565 12 31
2566 29 31
2567 50 16
2568 14 42
2569 8 10
2570 36 59
2571 9 48
2572 33 44
2573 2 26
2574 44 59
2575 42 55
2576 38 38
2577 52 14
2578 53 10
2579 7 0
2580 12 9
2581 23 47
2582 30 55
2583 21 40
2584 57 36
2585 53 17
2586 25 35
2587 42 39
2588 12 14
2589 29 52
2590 0 24
2591 0 13
2592 49 47
2593 37 59
2594 53 19
2595 47 24
2596 3 6
2597 53 26
2598 1 39
2599 11 59
2600 0 36
2601 14 50
2602 57 58
2603 14 43
2604 20 54
2605 21 12
2606 47 24
2607 38 47
2608 20 47
2609 36 12
2610 13 2
2611 21 20
2612 1 45
2613 27 46
2614 54 35
2615 31 45
2616 2 9
2617 28 19
2618 47 20
2619 32 56
2620 1 36
2621 14 33
2622 25 29
2623 30 36
2624 50 50
2625 0 49
2626 30 36
2627 34 5
2628 9 42
2629 25 5
2630 42 8
2631 27 21
2632 54 53
2633 33 23
2634 18 47
2635 27 46
2636 47 46
2637 20 6
2638 13 21
2639 57 7
2640 37 4
2641 5 20
2642 19 26
2643 56 47
2644 34 42
2645 44 4
2646 41 3
2647 55 0
2648 1 18
2649 15 47
2650 22 41
2651 53 8
2652 30 5
2653 56 56
2654 44 16
2655 23 56
2656 20 11
2657 17 1
2658 14 47
2659 55 26
2660 17 6
2661 44 49
2662 43 44
2663 40 16
2664 5 20
2665 15 37
2666 48 16
2667 9 31
2668 44 0
2669 26 46
2670 7 48
2671 28 50
2672 48 9
2673 21 35
2674 31 25
2675 20 18
2676 16 12
2677 41 39
2678 57 39
2679 22 4
2680 16 15
2681 8 8
2682 33 10
2683 25 16
2684 52 42
2685 47 42
2686 8 0
2687 22 9
2688 1 53
2689 54 35
2690 13 50
2691 7 47
2692 56 19
2693 44 42
2694 15 0
2695 7 24
2696 40 23
2697 8 34
2698 4 32
2699 46 16
2700 16 48
2701 25 49
2702 6 10
2703 25 25
2704 16 22
2705 7 12
2706 2 8
2707 44 20
2708 17 10
2709 12 34
2710 20 39
2711 46 53
2712 46 28
2713 2 27
2714 31 13
2715 5 7
2716 30 50
2717 25 22
2718 50 50
2719 19 10
2720 46 22
2721 9 8
2722 28 29
2723 59 50
2724 56 44
2725 19 58
2726 48 14
2727 23 48
2728 29 1
2729 36 47
2730 42 44
2731 42 34
2732 19 52
2733 41 35
2734 0 19
2735 43 4
2736 21 50
2737 23 8
2738 25 30
2739 56 37
2740 7 21
2741 45 35
2742 25 37
2743 57 22
2744 15 27
2745 28 50
2746 40 40
2747 9 6
2748 26 50
2749 0 3
2750 19 24
2751 43 3
2752 47 35
2753 39 2
2754 13 35
2755 40 55
2756 50 45
2757 27 50
2758 53 29
2759 20 23
2760 59 47
2761 22 43
2762 10 1
2763 36 52
2764 14 51
2765 3 0
2766 50 20
2767 25 12
2768 46 39
2769 6 17
2770 12 53
2771 31 11
2772 17 21
2773 37 26
2774 6 54
2775 42 48
2776 57 6
2777 39 53
2778 18 25
2779 13 7
2780 20 32
2781 15 33
2782 43 56
2783 18 28
2784 29 51
2785 28 20
2786 22 9
2787 6 50
2788 47 2
2789 33 32
2790 14 35
2791 3 31
2792 30 14
2793 25 11
2794 31 49
2795 41 58
2796 56 10
2797 16 10
2798 31 38
2799 9 25
2800 17 55
2801 21 13
2802 4 17
2803 38 31
2804 35 5
2805 43 37
2806 26 15
2807 55 55
2808 16 9
2809 9 14
2810 36 41
2811 48 48
2812 49 0
2813 30 26
2814 19 40
2815 51 18
2816 29 15
2817 32 54
2818 22 20
2819 12 47
2820 45 20
2821 49 8
2822 58 20
2823 32 16
2824 38 38
2825 45 34
2826 17 2
2827 48 26
2828 26 2
2829 3 49
2830 25 4
2831 10 27
2832 17 21
2833 52 42
2834 38 44
2835 8 45
2836 53 27
2837 35 26
2838 28 10
2839 40 37
2840 7 8
2841 53 37
2842 27 16
2843 4 42
2844 47 39
2845 32 36
2846 15 35
2847 49 3
2848 45 0
2849 51 7
2850 18 21
2851 40 12
2852 26 54
2853 23 13
2854 51 1
2855 10 15
2856 50 9
2857 59 11
2858 40 3
2859 17 35
2860 36 47
2861 50 18
2862 7 31
2863 38 20
2864 48 9
2865 29 51
2866 3 51
2867 44 20
2868 58 30
2869 42 24
2870 7 25
2871 54 51
2872 52 34
2873 39 11
2874 6 44
2875 37 45
2876 33 1
2877 14 41
2878 55 4
2879 32 59
2880 29 2
2881 13 50
2882 51 39
2883 47 24
2884 43 35
2885 23 7
2886 7 58
2887 14 31
2888 50 13
2889 26 14
2890 34 5
2891 41 39
2892 56 46
2893 13 39
2894 49 39
2895 22 2
2896 56 10
2897 6 46
2898 36 27
2899 22 53
2900 42 11
2901 46 47
2902 31 46
2903 3 42
2904 55 3
2905 15 15
2906 24 22
2907 44 55
2908 0 36
2909 33 34
2910 29 17
2911 36 49
2912 41 1
2913 37 25
2914 8 50
2915 1 48
2916 57 5
2917 39 25
2918 55 3
2919 8 48
2920 13 11
2921 36 39
2922 13 42
2923 42 32
2924 9 19
2925 54 24
2926 30 39
2927 19 14
2928 40 5
2929 18 15
2930 58 2
2931 46 49
2932 17 53
2933 50 47
2934 21 3
2935 59 5
2936 4 37
2937 16 42
2938 58 47
2939 59 50
2940 50 42
2941 2 53
2942 49 17
2943 55 13
2944 2 22
2945 54 47
2946 45 20
2947 27 45
2948 39 16
2949 43 50
2950 55 42
2951 59 46
2952 49 24
2953 34 18
2954 30 11
2955 32 2
2956 38 15
2957 12 27
2958 44 49
2959 28 40
2960 44 14
2961 29 35
2962 48 6
2963 2 24
2964 32 45
2965 17 53
2966 3 59
2967 0 47
2968 46 15
2969 51 40
2970 16 15
2971 41 40
2972 13 13
2973 21 50
2974 35 22
2975 0 35
2976 24 59
2977 0 35
2978 22 34
2979 12 22
2980 26 39
2981 12 59
2982 15 51
2983 28 20
2984 36 28
2985 24 0
2986 21 17
2987 15 1
2988 54 25
2989 9 29
2990 56 37
2991 39 7
2992 50 50
2993 35 6
2994 14 40
2995 15 42
2996 12 25
2997 2 4
2998 16 47
2999 31 52
3000 40 18
3001 47 30
3002 48 24
3003 40 55
3004 39 47
3005 32 31
3006 40 37
3007 41 50
3008 53 43
3009 28 45
3010 21 45
3011 22 46
3012 57 2
3013 23 51
3014 40 43
3015 50 56
3016 55 38
3017 56 34
3018 32 24
3019 46 29
3020 12 23
3021 16 12
3022 32 49
3023 52 47
3024 30 2
3025 16 40
3026 50 47
3027 13 31
3028 34 20
3029 22 24
3030 33 40
3031 50 3
3032 56 22
3033 34 5
3034 46 4
3035 26 0
3036 33 54
3037 9 4
3038 35 18
3039 31 43
3040 9 32
3041 42 55
3042 39 34
3043 52 59
3044 5 54
3045 22 0
3046 36 22
3047 20 19
3048 25 27
3049 33 41
3050 28 53
3051 9 6
3052 9 41
3053 19 5
3054 0 26
3055 15 24
3056 47 27
3057 38 4
3058 31 56
3059 20 55
3060 40 53
3061 34 8
3062 54 15
3063 2 15
3064 4 16
3065 13 28
3066 55 47
3067 3 22
3068 30 23
3069 19 43
3070 30 23
3071 15 55
3072 18 15
3073 29 17
3074 27 4
3075 34 8
3076 52 59
3077 23 42
3078 38 35
3079 48 37
3080 2 55
3081 42 39
3082 8 2
3083 2 42
3084 23 17
3085 40 54
3086 49 35
3087 14 34
3088 32 39
3089 50 30
3090 32 43
3091 25 0
3092 57 44
3093 54 27
3094 7 51
3095 30 2
3096 58 8
3097 52 29
3098 50 32
3099 49 6
3100 29 32
3101 34 31
3102 34 40
3103 27 9
3104 31 20
3105 59 54
3106 2 9
3107 25 19
3108 46 28
3109 31 29
3110 14 51
3111 36 37
3112 2 13
3113 43 13
3114 30 52
3115 59 40
3116 25 5
3117 45 32
3118 32 0
3119 18 12
3120 8 29
3121 2 35
3122 56 48
3123 34 38
3124 32 36
3125 33 58
3126 1 14
3127 43 36
3128 20 39
3129 14 21
3130 33 49
3131 43 3
3132 37 4
3133 18 51
3134 57 42
3135 12 38
3136 40 48
3137 54 2
3138 51 50
3139 5 21
3140 14 36
3141 17 17
3142 33 22
3143 0 40
3144 1 11
3145 39 11
3146 27 52
3147 37 49
3148 35 25
3149 51 47
3150 56 57
3151 22 11
3152 39 29
3153 39 3
3154 38 38
3155 38 10
3156 21 43
3157 54 19
3158 5 21
3159 22 28
3160 13 10
3161 32 5
3162 11 34
3163 0 11
3164 16 59
3165 20 12
3166 43 47
3167 42 48
3168 42 19
3169 8 13
3170 4 15
3171 54 19
3172 48 50
3173 31 56
3174 11 4
3175 47 52
3176 7 42
3177 19 45
3178 16 11
3179 5 20
3180 43 3
3181 47 51
3182 55 22
3183 41 20
3184 58 0
3185 13 11
3186 10 10
3187 38 15
3188 59 24
3189 19 31
3190 17 33
3191 29 0
3192 54 8
3193 52 10
3194 25 37
3195 17 54
3196 43 9
3197 15 22
3198 0 47
3199 6 8
3200 12 34
3201 32 58
3202 40 24
3203 20 9
3204 2 50
3205 55 41
3206 28 23
3207 44 48
3208 43 17
3209 57 0
3210 10 55
3211 48 29
3212 56 58
3213 5 20
3214 8 19
3215 0 30
3216 50 17
3217 10 17
3218 36 45
3219 6 7
3220 29 37
3221 1 34
3222 16 15
3223 52 42
3224 29 21
3225 14 11
3226 43 6
3227 40 24
3228 16 47
3229 2 25
3230 51 17
3231 27 40
3232 43 21
3233 30 8
3234 27 6
3235 40 27
3236 3 24
3237 18 55
3238 46 29
3239 16 1
3240 22 53
3241 34 21
3242 28 36
3243 51 28
3244 31 8
3245 54 55
3246 59 42
3247 26 59
3248 44 37
3249 38 29
3250 51 20
3251 10 12
3252 0 3
3253 53 38
3254 3 8
3255 12 46
3256 32 59
3257 16 19
3258 55 48
3259 24 57
3260 22 58
3261 46 10
3262 0 37
3263 47 22
3264 45 46
3265 34 11
3266 54 34
3267 12 19
3268 23 47
3269 36 20
3270 25 50
3271 23 32
3272 17 58
3273 53 2
3274 17 32
3275 23 7
3276 56 23
3277 15 6
3278 59 31
3279 1 52
3280 13 12
3281 27 24
3282 56 41
3283 3 27
3284 39 52
3285 37 56
3286 45 27
3287 36 46
3288 26 35
3289 33 3
3290 58 54
3291 17 47
3292 20 26
3293 35 39
3294 52 46
3295 50 2
3296 31 27
3297 12 10
3298 28 1
3299 18 8
3300 29 38
3301 59 40
3302 48 25
3303 56 35
3304 6 30
3305 53 11
3306 14 58
3307 45 12
3308 27 33
3309 50 32
3310 6 44
3311 56 31
3312 21 49
3313 20 27
3314 47 33
3315 48 59
3316 43 56
3317 21 20
3318 50 6
3319 7 29
3320 41 42
3321 50 51
3322 37 59
3323 7 45
3324 15 34
3325 48 16
3326 35 15
3327 34 5
3328 56 56
3329 7 11
3330 45 22
3331 16 58
3332 7 7
3333 31 2
3334 28 25
3335 2 21
3336 21 13
3337 25 12
3338 41 50
3339 15 48
3340 57 5
3341 52 4
3342 4 1
3343 55 19
3344 48 29
3345 15 23
3346 28 42
3347 40 16
3348 9 15
3349 16 55
3350 44 9
3351 37 1
3352 23 43
3353 6 40
3354 6 59
3355 50 51
3356 55 24
3357 7 35
3358 38 3
3359 1 53
3360 29 54
3361 1 15
3362 29 32
3363 39 24
3364 50 9
3365 59 24
3366 1 44
3367 48 17
3368 43 30
3369 4 42
3370 37 44
3371 8 8
3372 28 22
3373 30 30
3374 39 30
3375 50 36
3376 45 46
3377 31 49
3378 57 4
3379 11 29
3380 54 13
3381 21 5
3382 20 51
3383 47 23
3384 49 20
3385 44 5
3386 18 6
3387 45 27
3388 19 29
3389 47 16
3390 4 8
3391 8 5
3392 48 21
3393 7 0
3394 43 24
3395 55 39
3396 0 8
3397 0 3
3398 1 36
3399 56 6
3400 0 20
3401 24 18
3402 22 10
3403 30 6
3404 1 36
3405 14 59
3406 4 40
3407 34 53
3408 34 20
3409 38 25
3410 24 17
3411 41 34
3412 34 56
3413 53 44
3414 33 10
3415 19 31
3416 2 45
3417 49 46
3418 20 33
3419 44 30
3420 33 0
3421 40 8
3422 29 45
3423 21 24
3424 44 9
3425 34 7
3426 2 26
3427 24 17
3428 19 51
3429 22 1
3430 10 44
3431 13 25
3432 30 10
3433 19 54
3434 50 37
3435 40 47
3436 45 9
3437 3 2
3438 9 24
3439 42 41
3440 25 7
3441 16 33
3442 20 12
3443 22 43
3444 25 45
3445 38 41
3446 17 50
3447 40 3
3448 40 20
3449 50 13
3450 28 30
3451 4 2
3452 57 26
3453 0 8
3454 56 14
3455 33 6
3456 0 51
3457 22 10
3458 0 51
3459 3 34
3460 35 7
3461 45 13
3462 41 39
3463 15 41
3464 57 14
3465 8 25
3466 15 2
3467 29 38
3468 3 1
3469 3 0
3470 33 11
3471 10 21
3472 58 40
3473 0 59
3474 37 57
3475 6 30
3476 39 59
3477 17 30
3478 33 54
3479 26 29
3480 10 44
3481 1 31
3482 20 22
3483 42 12
3484 47 32
3485 9 26
3486 16 16
3487 11 56
3488 42 23
3489 59 7
3490 18 55
3491 45 47
3492 35 59
3493 13 50
3494 40 48
3495 41 47
3496 17 40
3497 0 13
3498 37 37
3499 2 34
3500 19 57
3501 22 30
3502 35 55
3503 48 4
3504 36 38
3505 39 38
3506 30 58
3507 42 23
3508 46 9
3509 22 45
3510 29 9
3511 57 9
3512 43 7
3513 34 43
3514 37 22
3515 4 17
3516 28 32
3517 59 12
3518 36 4
3519 9 51
3520 53 1
3521 39 32
3522 24 1
3523 42 48
3524 20 52
3525 50 4
3526 14 24
3527 56 57
3528 16 48
3529 10 29
3530 44 55
3531 24 37
3532 27 42
3533 26 19
3534 7 18
3535 20 34
3536 38 33
3537 15 56
3538 20 30
3539 25 54
3540 46 18
3541 14 56
3542 53 41
3543 33 20
3544 16 31
3545 0 28
3546 51 9
3547 52 32
3548 51 32
3549 28 33
3550 35 8
3551 43 4
3552 41 42
3553 47 3
3554 29 48
3555 56 6
3556 35 42
3557 48 43
3558 46 23
3559 18 3
3560 17 11
3561 40 4
3562 22 56
3563 37 34
3564 45 20
3565 29 22
3566 40 33
3567 27 45
3568 4 15
3569 21 33
3570 27 58
3571 16 58
3572 54 6
3573 55 33
3574 34 12
3575 46 2
3576 57 50
3577 15 47
3578 9 7
3579 55 1
3580 30 4
3581 1 37
3582 4 44
3583 50 3
3584 59 42
3585 4 33
3586 48 31
3587 29 28
3588 1 45
3589 28 6
3590 38 42
3591 33 40
3592 21 39
3593 56 25
3594 58 56
3595 32 18
3596 43 47
3597 33 9
3598 43 46
3599 35 37
3600 43 46
3601 41 28
3602 26 26
3603 16 36
3604 21 21
3605 6 28
3606 43 11
3607 56 39
3608 9 38
3609 34 7
3610 9 2
3611 20 18
3612 50 27
3613 51 37
3614 25 16
3615 8 39
3616 37 59
3617 32 39
3618 21 54
3619 5 30
3620 39 23
3621 21 20
3622 20 40
3623 53 26
3624 25 40
3625 8 11
3626 14 30
3627 0 56
3628 55 42
3629 59 40
3630 0 1
3631 33 59
3632 4 48
3633 37 6
3634 35 47
3635 53 54
3636 39 3
3637 9 6
3638 17 31
3639 42 57
3640 23 15
3641 3 17
3642 40 47
3643 16 0
3644 55 39
3645 10 45
3646 45 26
3647 43 17
3648 53 26
3649 0 32
3650 5 35
3651 9 52
3652 18 30
3653 13 39
3654 16 15
3655 0 20
3656 31 28
3657 13 19
3658 46 32
3659 8 34
3660 19 19
3661 12 26
3662 2 10
3663 52 17
3664 17 49
3665 4 43
3666 19 41
3667 11 12
3668 44 9
3669 3 55
3670 33 33
3671 37 32
3672 21 5
3673 42 0
3674 44 37
3675 35 56
3676 14 50
3677 10 24
3678 59 32
3679 56 16
3680 38 10
3681 43 38
3682 31 50
3683 4 51
3684 12 53
3685 34 8
3686 23 56
3687 52 47
3688 6 43
3689 9 58
3690 55 13
3691 28 21
3692 12 31
3693 57 59
3694 56 58
3695 33 38
3696 9 23
3697 37 8
3698 59 7
3699 57 43
3700 56 48
3701 48 3
3702 26 34
3703 19 45
3704 27 40
3705 57 48
3706 41 52
3707 12 21
3708 22 4
3709 54 20
3710 19 22
3711 9 32
3712 42 31
3713 16 14
3714 26 8
3715 20 27
3716 26 31
3717 55 36
3718 31 58
3719 14 38
3720 26 39
3721 46 27
3722 0 57
3723 52 3
3724 3 20
3725 35 12
3726 45 30
3727 8 51
3728 12 41
3729 31 30
3730 3 53
3731 23 49
3732 32 58
3733 14 4
3734 22 1
3735 8 17
3736 20 36
3737 49 23
3738 44 29
3739 4 56
3740 13 1
3741 9 43
3742 11 33
3743 3 49
3744 20 9
3745 21 26
3746 57 4
3747 4 0
3748 49 36
3749 10 45
3750 19 57
3751 40 38
3752 27 13
3753 43 9
3754 21 2
3755 31 56
3756 36 29
3757 14 9
3758 59 38
3759 3 2
3760 16 4
3761 31 56
3762 11 52
3763 5 17
3764 4 47
3765 11 56
3766 21 47
3767 16 15
3768 44 22
3769 50 8
3770 32 27
3771 26 3
3772 46 22
3773 32 51
3774 30 42
3775 36 52
3776 49 0
3777 15 56
3778 48 47
3779 3 18
3780 9 52
3781 9 29
3782 7 30
3783 34 7
3784 31 41
3785 12 32
3786 5 29
3787 10 31
3788 47 58
3789 35 27
3790 13 45
3791 55 18
3792 44 37
3793 50 31
3794 2 23
3795 38 55
3796 23 32
3797 41 54
3798 7 50
3799 18 25
3800 22 6
3801 38 2
3802 12 4
3803 25 37
3804 15 16
3805 7 51
3806 5 57
3807 8 36
3808 53 42
3809 59 32
3810 38 53
3811 9 14
3812 46 43
3813 6 43
3814 5 13
3815 24 14
3816 47 14
3817 36 21
3818 58 24
3819 9 37
3820 38 29
3821 4 35
3822 40 2
3823 30 4
3824 3 45
3825 2 40
3826 7 36
3827 1 45
3828 6 26
3829 10 37
3830 53 53
3831 25 43
3832 14 58
3833 2 25
3834 14 40
3835 12 34
3836 48 25
3837 8 36
3838 41 47
3839 48 7
3840 45 51
3841 21 39
3842 45 10
3843 32 1
3844 20 44
3845 33 7
3846 11 45
3847 12 31
3848 26 34
3849 14 7
3850 52 27
3851 52 23
3852 52 47
3853 53 39
3854 33 50
3855 1 39
3856 10 15
3857 8 12
3858 33 28
3859 0 8
3860 56 6
3861 6 34
3862 57 2
3863 18 24
3864 17 2
3865 45 41
3866 14 43
3867 50 9
3868 37 24
3869 0 57
3870 59 38
3871 38 11
3872 58 3
3873 55 11
3874 30 33
3875 40 19
3876 29 32
3877 20 8
3878 29 34
3879 27 10
3880 35 50
3881 4 20
3882 28 8
3883 34 35
3884 35 54
3885 25 40
3886 58 38
3887 9 50
3888 46 42
3889 24 15
3890 53 53
3891 47 30
3892 9 29
3893 41 9
3894 28 50
3895 13 12
3896 51 16
3897 28 12
3898 16 54
3899 3 57
3900 42 12
3901 12 51
3902 52 27
3903 41 43
3904 41 57
3905 52 54
3906 54 26
3907 6 55
3908 13 56
3909 29 30
3910 28 17
3911 50 54
3912 14 59
3913 23 4
3914 16 59
3915 55 0
3916 35 51
3917 6 36
3918 25 27
3919 40 17
3920 43 41
3921 56 9
3922 25 24
3923 59 55
3924 37 41
3925 36 9
3926 27 43
3927 51 43
3928 34 0
3929 40 32
3930 3 42
3931 24 15
3932 24 17
3933 36 45
3934 28 12
3935 35 2
3936 0 45
3937 41 53
3938 25 57
3939 4 51
3940 51 54
3941 0 9
3942 31 36
3943 9 50
3944 51 45
3945 25 40
3946 32 10
3947 25 4
3948 40 6
3949 2 47
3950 13 53
3951 26 20
3952 28 20
3953 44 40
3954 32 39
3955 23 13
3956 5 27
3957 32 48
3958 55 36
3959 54 42
3960 33 52
3961 1 45
3962 52 45
3963 23 49
3964 14 6
3965 41 53
3966 35 8
3967 58 7
3968 46 40
3969 34 11
3970 32 0
3971 40 36
3972 41 33
3973 12 41
3974 57 2
3975 5 16
3976 25 38
3977 39 36
3978 7 56
3979 0 39
3980 16 14
3981 26 26
3982 2 44
3983 6 52
3984 8 46
3985 17 39
3986 36 14
3987 43 22
3988 8 35
3989 39 57
3990 10 55
3991 40 5
3992 4 55
3993 47 8
3994 29 39
3995 23 8
3996 8 42
3997 37 53
3998 46 8
3999 22 43
4000 6 47
4001 37 43
4002 35 12
4003 36 53
4004 32 48
4005 28 56
4006 0 57
4007 1 33
4008 25 33
4009 53 4
4010 43 1
4011 48 18
4012 5 17
4013 23 57
4014 27 18
4015 17 47
4016 3 32
4017 57 6
4018 57 8
4019 26 27
4020 46 7
4021 45 50
4022 34 48
4023 13 10
4024 19 36
4025 6 53
4026 50 40
4027 56 33
4028 38 2
4029 19 45
4030 27 41
4031 6 59
4032 51 33
4033 58 7
4034 30 16
4035 20 49
4036 49 4
4037 18 9
4038 8 50
4039 28 30
4040 9 23
4041 16 35
4042 21 52
4043 40 20
4044 28 12
4045 11 42
4046 46 21
4047 6 8
4048 48 58
4049 36 46
4050 37 16
4051 23 19
4052 20 10
4053 29 22
4054 17 50
4055 12 55
4056 30 36
4057 58 52
4058 37 6
4059 47 49
4060 8 36
4061 8 14
4062 23 22
4063 52 21
4064 27 32
4065 32 47
4066 10 38
4067 45 1
4068 58 50
4069 31 34
4070 35 39
4071 43 21
4072 41 14
4073 12 45
4074 28 23
4075 2 50
4076 39 26
4077 57 19
4078 19 22
4079 12 48
4080 45 52
4081 1 38
4082 0 0
4083 56 33
4084 36 54
4085 55 57
4086 10 51
4087 17 47
4088 29 30
4089 29 46
4090 6 34
4091 23 9
4092 57 59
4093 45 7
4094 59 45
4095 8 56
